1000 289.849 12.0389
  50 290.109 11.9339 0 0
 150 290.631 11.7247 0 0
 250 291.153 11.5166 0 0
 350 291.674 11.3097 0 0
 450 292.195 11.1039 0 0
 550 292.716 10.8992 0 0
 650 293.237 10.6958 0 0
 750 293.757 10.4936 0 0
 850 294.277 10.2927 0 0
 950 294.796 10.093 0 0
1050 295.315 9.89454 0 0
1150 295.833 9.69742 0 0
1250 296.351 9.50161 0 0
1350 296.868 9.30715 0 0
1450 297.384 9.11405 0 0
1550 297.899 8.92236 0 0
1650 298.413 8.73208 0 0
1750 298.927 8.54325 0 0
1850 299.439 8.35588 0 0
1950 299.95 8.16999 0 0
2050 300.46 7.98562 0 0
2150 300.968 7.8028 0 0
2250 301.475 7.62155 0 0
2350 301.981 7.4419 0 0
2450 302.485 7.26388 0 0
2550 302.987 7.08752 0 0
2650 303.488 6.91283 0 0
2750 303.987 6.73985 0 0
2850 304.484 6.56862 0 0
2950 304.978 6.39915 0 0
3050 305.471 6.2315 0 0
3150 305.961 6.06567 0 0
3250 306.45 5.9017 0 0
3350 306.935 5.73963 0 0
3450 307.418 5.57948 0 0
3550 307.899 5.42129 0 0
3650 308.376 5.2651 0 0
3750 308.851 5.11092 0 0
3850 309.322 4.9588 0 0
3950 309.791 4.80876 0 0
4050 310.256 4.66083 0 0
4150 310.718 4.51506 0 0
4250 311.177 4.37148 0 0
4350 311.631 4.2301 0 0
4450 312.082 4.09097 0 0
4550 312.53 3.95412 0 0
4650 312.973 3.81957 0 0
4750 313.412 3.68736 0 0
4850 313.847 3.55752 0 0
4950 314.277 3.43007 0 0
5050 314.703 3.30505 0 0
5150 315.125 3.18248 0 0
5250 315.541 3.06238 0 0
5350 315.953 2.94479 0 0
5450 316.36 2.82972 0 0
5550 316.761 2.71719 0 0
5650 317.158 2.60723 0 0
5750 317.549 2.49986 0 0
5850 317.935 2.39509 0 0
5950 318.315 2.29293 0 0
6050 318.69 2.19341 0 0
6150 319.059 2.09652 0 0
6250 319.422 2.00228 0 0
6350 319.78 1.91069 0 0
6450 320.131 1.82176 0 0
6550 320.477 1.73548 0 0
6650 320.816 1.65185 0 0
6750 321.149 1.57087 0 0
6850 321.476 1.49253 0 0
6950 321.797 1.41681 0 0
7050 322.112 1.3437 0 0
7150 322.421 1.27318 0 0
7250 322.723 1.20523 0 0
7350 323.02 1.13982 0 0
7450 323.31 1.07693 0 0
7550 323.594 1.01652 0 0
7650 323.871 0.958563 0 0
7750 324.143 0.903015 0 0
7850 324.409 0.849839 0 0
7950 324.669 0.798991 0 0
8050 324.923 0.750425 0 0
8150 325.171 0.704091 0 0
8250 325.413 0.659939 0 0
8350 325.65 0.617915 0 0
8450 325.882 0.577965 0 0
8550 326.108 0.540031 0 0
8650 326.329 0.504055 0 0
8750 326.545 0.469976 0 0
8850 326.756 0.437734 0 0
8950 326.962 0.407267 0 0
9050 327.164 0.378512 0 0
9150 327.361 0.351406 0 0
9250 327.554 0.325885 0 0
9350 327.742 0.301888 0 0
9450 327.927 0.27935 0 0
9550 328.108 0.258208 0 0
9650 328.285 0.238402 0 0
9750 328.459 0.21987 0 0
9850 328.629 0.202551 0 0
9950 328.797 0.186387 0 0
