-89.95765601272012 47.286907253603175 0
-90.13175391311144 47.29274669045216 0
-90.30585181350276 47.29801768654593 0
-90.47994971389409 47.30385712339489 0
-90.6540476142854 47.309128119488676 0
-90.85778194859611 47.21282908791278 0
-91.06097368036777 47.117046820659795 0
-91.26470801467849 47.02126455340681 0
-91.46844234898919 46.9249655218309 0
-91.59225908076053 46.876260484395914 0
-91.71661841507091 46.82760712339301 0
-91.8409777493813 46.778385321635 0
-91.96479448115262 46.72970612241605 0
-92.01189754918667 46.71172272397848 0
-92.27487891312 46.65614472104858 0
-92.26482784703924 46.09522288673644 0
-92.2965830146826 46.09628225359842 0
-92.54369971390233 45.98569468849381 0
-92.75696834997089 45.88991242124082 0
-92.89982784704182 45.705763454768714 0
-92.68922054723626 45.51843638771068 0
-92.76541744665064 45.26708222104298 0
-92.76647681351261 44.9961426865367 0
-92.79665584997105 44.77602692318949 0
-92.50507158076417 44.58391978614445 0
-92.38549231644078 44.57492808692567 0
-92.06215287959051 44.43258535417769 0
-91.949989183301 44.364837551443046 0
-91.87960588251947 44.25742808692439 0
-91.62770911331273 44.085448920257036 0
-91.28959021682704 43.93729258887629 0
-91.25729244664458 43.854739488289965 0
-91.2546569485977 43.61397899024206 0
-91.22819861526426 43.5012468531974 0
-92.54000484899348 43.51977285417405 0
-94.00102678096546 43.51341665300214 0
-95.35993608272871 43.50018748633542 0
-96.4526600817565 43.50178945573647 0
-96.43943091508982 44.43576345476367 0
-96.56061214881424 45.39301768653837 0
-96.73576941606754 45.47081655535372 0
-96.83470394569034 45.62532908790642 0
-96.78072791216147 45.76079885515958 0
-96.55689144568922 45.87244578712617 0
-96.53945064979075 46.017966620460186 0
-96.53890804725165 46.199480088885366 0
-96.60135901567638 46.3513571233911 0
-96.68548824744755 46.51328522397769 0
-96.73365068234358 46.71647695574927 0
-96.7458204821483 46.9445250514533 0
-96.77969438351563 46.999043687521294 0
-96.82041541216165 47.29220408791309 0
-96.82465287960957 47.42661448830425 0
-96.84423824744819 47.54619375262766 0
-96.89397681352912 47.74886872007637 0
-97.01515804725355 47.954205023788134 0
-97.13104244666809 48.13729462339825 0
-97.14850908078273 48.31878225360731 0
-97.16122148312654 48.51458425556122 0
-97.12734758175921 48.64212169045756 0
-97.1204746162644 48.75852285419501 0
-97.21413814979343 48.90244171812793 0
-97.22894344764504 49.00088532164389 0
-95.15883724646483 48.9998259547819 0
-95.15620174841791 49.38401439065592 0
-94.81754024939323 49.38928538674975 0
-94.64026424841592 48.84001658791925 0
-94.32912044958647 48.670672919298795 0
-93.63061011429733 48.60928131773602 0
-92.60984554723586 48.45001455341253 0
-91.63987891311746 48.13993012144516 0
-90.83026424840062 48.27010305438836 0
-89.59995174839577 48.01027395282483 0
-89.59940914585667 48.01027395282483 0
-89.4900319346622 48.01340602289096 0
-89.52269548211933 47.96053538674391 0
-89.61369767938538 47.81925202085796 0
-89.72800594761503 47.641976019880644 0
-89.84283098016755 47.464725857119504 0
-89.95765601272012 47.286907253603175 0
-116.04823401575418 49.00036855732097 1
-113.05950171593753 49.0014020859668 1
-110.0707694161209 49.00300405536785 1
-107.08203711630425 49.00458018655276 1
-104.09276221394853 49.00563955341474 1
-104.07741431355785 47.17156545672772 1
-104.02661638061494 45.956600857113486 1
-104.07795691609692 45.04061025652388 1
-105.74589128296557 45.051178086927564 1
-107.54663408082433 45.04588125261765 1
-109.10237891318732 45.05701752377655 1
-111.07140601280457 45.04960195574266 1
-111.0671943835728 44.54159678809741 1
-111.08517778201036 44.506146755545174 1
-111.19418921593007 44.56115631771988 1
-111.29154761436796 44.701406154960026 1
-111.4000164457486 44.72892385515544 1
-111.54238501671271 44.53048635515465 1
-111.77149247927873 44.49821442318837 1
-112.33613501671589 44.56063955339695 1
-112.36259335004932 44.46222178809708 1
-112.69014441613137 44.4987311875113 1
-112.87481014692638 44.3600833196722 1
-113.05208614790365 44.61991242123574 1
-113.174843512813 44.76543325456966 1
-113.37857784712371 44.78977285417912 1
-113.43942684614738 44.86279165300755 1
-113.5029371814341 45.124222723972125 1
-113.68021318241136 45.2490729843893 1
-113.79449561242484 45.56499685320567 1
-113.91410071496439 45.70258535418277 1
-114.03579871301176 45.730103054378205 1
-114.13793718143664 45.58933645281513 1
-114.33531531457545 45.470273952814665 1
-114.5136506824147 45.56923432065359 1
-114.52370174849547 45.825368557308266 1
-114.40727474654187 45.88991242124082 1
-114.4914298165292 46.14708018654133 1
-114.39404557987515 46.41008738869081 1
-114.28451738163254 46.6318051214391 1
-114.58561011438114 46.64133942319695 1
-114.8433204822207 46.7863176539918 1
-115.12164974654473 47.09536855731335 1
-115.28833207890217 47.250397854188975 1
-115.51906734908539 47.345120754579966 1
-115.70479244674239 47.504930121442584 1
-115.70427568241946 47.68484162046674 1
-115.96779964889187 47.95048432066312 1
-116.04823401575418 49.00036855732097 1
-97.22894344764504 49.00088532164389 2
-97.21413814979343 48.90244171812793 2
-97.1204746162644 48.75852285419501 2
-97.12734758175921 48.64212169045756 2
-97.16122148312654 48.51458425556122 2
-97.14850908078273 48.31878225360731 2
-97.13104244666809 48.13729462339825 2
-97.01515804725355 47.954205023788134 2
-96.89397681352912 47.74886872007637 2
-96.84423824744819 47.54619375262766 2
-96.82465287960957 47.42661448830425 2
-96.82041541216165 47.29220408791309 2
-96.77969438351563 46.999043687521294 2
-96.7458204821483 46.9445250514533 2
-96.73365068234358 46.71647695574927 2
-96.68548824744755 46.51328522397769 2
-96.60135901567638 46.3513571233911 2
-96.53890804725165 46.199480088885366 2
-96.53945064979075 46.017966620460186 2
-98.44178931353531 45.96344798439215 2
-100.06685807981785 45.96556671811612 2
-102.11686214883646 45.96135508888433 2
-104.02661638061494 45.956600857113486 2
-104.07741431355785 47.17156545672772 2
-104.09276221394853 49.00563955341474 2
-100.62989864785396 49.00300405536785 2
-97.22894344764504 49.00088532164389 2
-116.04823401575418 49.00036855732097 4
-115.96779964889187 47.95048432066312 4
-115.70427568241946 47.68484162046674 4
-115.70479244674239 47.504930121442584 4
-115.51906734908539 47.345120754579966 4
-115.28833207890217 47.250397854188975 4
-115.12164974654473 47.09536855731335 4
-114.8433204822207 46.7863176539918 4
-114.58561011438114 46.64133942319695 4
-114.28451738163254 46.6318051214391 4
-114.39404557987515 46.41008738869081 4
-114.4914298165292 46.14708018654133 4
-114.40727474654187 45.88991242124082 4
-114.52370174849547 45.825368557308266 4
-114.5136506824147 45.56923432065359 4
-114.33531531457545 45.470273952814665 4
-114.13793718143664 45.58933645281513 4
-114.03579871301176 45.730103054378205 4
-113.91410071496439 45.70258535418277 4
-113.79449561242484 45.56499685320567 4
-113.68021318241136 45.2490729843893 4
-113.5029371814341 45.124222723972125 4
-113.43942684614738 44.86279165300755 4
-113.37857784712371 44.78977285417912 4
-113.174843512813 44.76543325456966 4
-113.05208614790365 44.61991242123574 4
-112.87481014692638 44.3600833196722 4
-112.69014441613137 44.4987311875113 4
-112.36259335004932 44.46222178809708 4
-112.33613501671589 44.56063955339695 4
-111.77149247927873 44.49821442318837 4
-111.54238501671271 44.53048635515465 4
-111.4000164457486 44.72892385515544 4
-111.29154761436796 44.701406154960026 4
-111.19418921593007 44.56115631771988 4
-111.08517778201036 44.506146755545174 4
-111.04972774945814 44.48816335710761 4
-111.05024451378105 42.00159678808724 4
-114.03422258182684 41.99312185319137 4
-117.0282517159534 42.000020656902336 4
-117.0139631824247 43.79706858985223 4
-116.92665585006762 44.081211452809214 4
-117.0076069812528 44.21141022396847 4
-117.19439144577179 44.27913218848698 4
-117.19229855026396 44.4389415553496 4
-117.05153194870093 44.66595612240786 4
-116.83614457890837 44.86385101986953 4
-116.69328508183749 45.186647854180706 4
-116.55887468144633 45.444358222020284 4
-116.45779557988342 45.57453115496351 4
-116.51125484908937 45.726408189469325 4
-116.67899654830879 45.807359320654555 4
-116.91500281458576 45.99998322202251 4
-116.90652787968992 46.17777598732283 4
-116.99807267949495 46.33016978615143 4
-117.02664974655237 47.72292715106586 4
-117.03142981653936 48.99930919045899 4
-116.04823401575418 49.00036855732097 4
-117.03142981653936 48.99930919045899 5
-117.02664974655237 47.72292715106586 5
-116.99807267949495 46.33016978615143 5
-116.90652787968992 46.17777598732283 5
-116.91500281458576 45.99998322202251 5
-118.97823605027111 45.99256765398866 5
-119.33699968145743 45.88833629005586 5
-119.59204952047821 45.932235419287906 5
-119.78730891989301 45.85076752377984 5
-120.15826818910023 45.740670884781935 5
-120.6096359869536 45.753900051448625 5
-120.83719315655094 45.67294892026342 5
-121.0467410894945 45.637498887711104 5
-121.203889120094 45.689898790055224 5
-121.56107662009549 45.73276439064131 5
-121.78809118715355 45.70098338478181 5
-122.17491512107449 45.595150051447945 5
-122.42045568910925 45.59199778907822 5
-122.65170772361546 45.63008331967734 5
-122.72578588930577 45.77033315691756 5
-122.75224422263926 45.93807485613678 5
-122.9379693202963 46.12909678810388 5
-123.22849422264113 46.18625092221856 5
-123.47137345441303 46.27725311948467 5
-123.77670365460955 46.28203318947163 5
-123.99867632678428 46.2830694871044 5
-124.079635 46.86475000000007 5
-124.39567 47.72017000000011 5
-124.68721008300781 48.18443298339838 5
-124.56610107421875 48.379714965820426 5
-123.12 48.04000000000008 5
-122.58713802146673 47.09588532163639 5
-122.34002132224703 47.35995189064778 5
-122.49983068910967 48.18016022398439 5
-122.84000000000003 49.000000000000114 5
-120.00269628968556 49.000885321643864 5
-117.03142981653936 48.99930919045899 5
-109.04522477907253 36.99991242120524 6
-109.04367281021746 31.34189913731541 6
-111.02378618044753 31.33465098726333 6
-113.30501644575611 32.03897492118551 6
-114.81474341516332 32.52527598726806 6
-114.72138999999993 32.72082999999998 6
-114.58984758182902 32.7162979192351 6
-114.47977678104735 32.91633738863692 6
-114.6559934151627 33.05390005139793 6
-114.6914434477149 33.20368419039579 6
-114.74330074751975 33.379874986294965 6
-114.54855811242783 33.6095250514 6
-114.46918311242757 34.067274888641464 6
-114.16597164595498 34.27258535413716 6
-114.35490068241404 34.464666652966 6
-114.48453101281825 34.653053086886075 6
-114.5670841134044 34.82821035413929 6
-114.62211951379533 34.963680121392485 6
-114.64222164595688 35.0531061874735 6
-114.58085588261031 35.24942495375046 6
-114.63005184615216 35.44522695570424 6
-114.65069658085275 35.63891022393419 6
-114.65017981652983 35.85427175551057 6
-114.73960588261092 35.99131765394861 6
-114.67134131555338 36.11461762139703 6
-114.46073401574782 36.11461762139703 6
-114.26916948124185 36.04369171807643 6
-114.13264034712672 36.004004218076275 6
-114.06649451379315 36.15642385512115 6
-114.023628913207 36.189755153949406 6
-114.03052771691799 36.994098822572425 6
-112.41760291222404 37.00942088474695 6
-110.49622148317988 37.00732798923914 6
-109.04522477907253 36.99991242120524 6
-114.64222164595688 35.0531061874735 7
-114.62211951379533 34.963680121392485 7
-114.5670841134044 34.82821035413929 7
-114.48453101281825 34.653053086886075 7
-114.35490068241404 34.464666652966 7
-114.16597164595498 34.27258535413716 7
-114.46918311242757 34.067274888641464 7
-114.54855811242783 33.6095250514 7
-114.74330074751975 33.379874986294965 7
-114.6914434477149 33.20368419039579 7
-114.6559934151627 33.05390005139793 7
-114.47977678104735 32.91633738863692 7
-114.58984758182902 32.7162979192351 7
-114.72138999999993 32.72082999999998 7
-115.99107988163934 32.61258331962517 7
-117.12772884811523 32.535327053348965 7
-117.29593769127388 33.046224615203755 7
-117.94400000000002 33.621236431201226 7
-118.41060227589759 33.740909223124504 7
-118.51989482279981 34.02778157757575 7
-119.08099999999996 34.077999999999975 7
-119.43884064201677 34.348477178284156 7
-120.36781612204385 34.44722585706751 7
-120.6228651536203 34.60861135511499 7
-120.74458898988388 35.15682078708329 7
-121.71455562400223 36.16172068943115 7
-122.54745052146654 37.55181671808242 7
-122.51200048891434 37.78361135512762 7
-122.95331722068698 38.11379791925668 7
-123.72696508852863 38.95147288670779 7
-123.86507035382857 39.76692698827361 7
-124.39795772362243 40.31301768651804 7
-124.17887548892094 41.14224355728959 7
-124.21380875715033 41.99947805436335 7
-119.99897558656059 41.99260508886846 7
-120.00003495342257 38.99539785415594 7
-118.11461951380932 37.64442088474959 7
-116.32074968144536 36.322046820616606 7
-114.64222164595688 35.0531061874735 7
-102.05017371296381 40.00081452082664 8
-102.04012264688303 38.459874986315256 8
-102.04118201374501 36.99198008884845 8
-103.00321631550668 36.995158189434406 8
-104.20019751668335 36.99619171808024 8
-105.8998612129792 36.997276923158495 8
-107.47997148316782 36.99991242120525 8
-109.04522477907253 36.99991242120524 8
-109.05318294964546 41.001993720049384 8
-108.05094438356073 41.002536322588455 8
-107.04973934612183 41.002536322588455 8
-105.04686418335339 41.003595689450435 8
-104.04514238159157 41.00411245377336 8
-102.04805497923984 41.00411245377336 8
-102.05017371296381 40.033086452792915 8
-102.05017371296381 40.00081452082664 8
-117.0282517159534 42.000020656902336 9
-114.03422258182684 41.99312185319137 9
-114.03052771691799 36.994098822572425 9
-114.023628913207 36.189755153949406 9
-114.06649451379315 36.15642385512115 9
-114.13264034712672 36.004004218076275 9
-114.26916948124185 36.04369171807643 9
-114.46073401574782 36.11461762139703 9
-114.67134131555338 36.11461762139703 9
-114.73960588261092 35.99131765394861 9
-114.65017981652983 35.85427175551057 9
-114.65069658085275 35.63891022393419 9
-114.63005184615216 35.44522695570424 9
-114.58085588261031 35.24942495375046 9
-114.64222164595688 35.0531061874735 9
-116.32074968144536 36.322046820616606 9
-118.11461951380932 37.64442088474959 9
-120.00003495342257 38.99539785415594 9
-119.99897558656059 41.99260508886846 9
-117.0282517159534 41.997359320639305 9
-117.0282517159534 42.000020656902336 9
-109.04367281021746 31.34189913731541 10
-109.04522477907253 36.99991242120524 10
-107.47997148316782 36.99991242120525 10
-105.8998612129792 36.997276923158495 10
-104.20019751668335 36.99619171808024 10
-103.00321631550668 36.995158189434406 10
-103.00161434610563 36.49932282159388 10
-103.00161434610561 33.879947821583414 10
-103.00161434610561 31.99928742118533 10
-103.92977474649996 31.99928742118533 10
-105.73000078003582 31.99928742118533 10
-106.63012671591179 31.99928742118533 10
-106.61953304729195 31.91409882255209 10
-106.50734351278624 31.754289455689502 10
-108.23999999999995 31.75485371816643 10
-108.24196631552763 31.342066555297265 10
-109.04367281021746 31.34189913731541 10
-116.91500281458576 45.99998322202251 11
-116.67899654830879 45.807359320654555 11
-116.51125484908937 45.726408189469325 11
-116.45779557988342 45.57453115496351 11
-116.55887468144633 45.444358222020284 11
-116.69328508183749 45.186647854180706 11
-116.83614457890837 44.86385101986953 11
-117.05153194870093 44.66595612240786 11
-117.19229855026396 44.4389415553496 11
-117.19439144577179 44.27913218848698 11
-117.0076069812528 44.21141022396847 11
-116.92665585006762 44.081211452809214 11
-117.0139631824247 43.79706858985223 11
-117.0282517159534 42.000020656902336 11
-117.0282517159534 41.997359320639305 11
-119.99897558656059 41.99260508886846 11
-124.21380875715033 41.99947805436335 11
-124.53283999999996 42.7659900000001 11
-124.14213999999998 43.70838000000009 11
-123.89893000000001 45.523410000000126 11
-123.99867632678428 46.2830694871044 11
-123.77670365460955 46.28203318947163 11
-123.47137345441303 46.27725311948467 11
-123.22849422264113 46.18625092221856 11
-122.9379693202963 46.12909678810388 11
-122.75224422263926 45.93807485613678 11
-122.72578588930577 45.77033315691756 11
-122.65170772361546 45.63008331967734 11
-122.42045568910925 45.59199778907822 11
-122.17491512107449 45.595150051447945 11
-121.78809118715355 45.70098338478181 11
-121.56107662009549 45.73276439064131 11
-121.203889120094 45.689898790055224 11
-121.0467410894945 45.637498887711104 11
-120.83719315655094 45.67294892026342 11
-120.6096359869536 45.753900051448625 11
-120.15826818910023 45.740670884781935 11
-119.78730891989301 45.85076752377984 11
-119.59204952047821 45.932235419287906 11
-119.33699968145743 45.88833629005586 11
-118.97823605027111 45.99256765398866 11
-116.91500281458576 45.99998322202251 11
-114.03422258182684 41.99312185319137 12
-111.05024451378105 42.00159678808724 12
-111.05448198122899 41.027935289059904 12
-109.05318294964546 41.001993720049384 12
-109.04522477907253 36.99991242120524 12
-110.49622148317988 37.00732798923914 12
-112.41760291222404 37.00942088474695 12
-114.03052771691799 36.994098822572425 12
-114.03422258182684 41.99312185319137 12
-111.08517778201036 44.506146755545174 13
-111.0671943835728 44.54159678809741 13
-111.07140601280457 45.04960195574266 13
-109.10237891318732 45.05701752377655 13
-107.54663408082433 45.04588125261765 13
-105.74589128296557 45.051178086927564 13
-104.07795691609692 45.04061025652388 13
-104.05255794962545 43.00014048926312 13
-104.04514238159157 41.00411245377336 13
-105.04686418335339 41.003595689450435 13
-107.04973934612183 41.002536322588455 13
-108.05094438356073 41.002536322588455 13
-109.05318294964546 41.001993720049384 13
-111.05448198122899 41.027935289059904 13
-111.05024451378105 42.00159678808724 13
-111.04972774945814 44.48816335710761 13
-111.08517778201036 44.506146755545174 13
-89.66291948114342 36.02307282159197 14
-89.67351314976325 35.94000295668279 14
-89.77510901564906 35.79923635511972 14
-89.95026628290238 35.70187795668183 14
-89.98889441604055 35.536229152970236 14
-90.14710181350213 35.40499685316502 14
-90.13493201369738 35.11395518649719 14
-90.249240281927 35.02083425550724 14
-90.26828304722656 34.94145925550691 14
-90.44661841506581 34.86683848727745 14
-90.4503132799747 34.7218602564826 14
-90.58420691604294 34.45409882256226 14
-90.6995487129184 34.39746145277036 14
-90.87630794957275 34.261474921194306 14
-90.9821412829065 34.0551050888367 14
-91.20068091506883 33.70639252373114 14
-91.22344438349342 33.46932689059217 14
-91.1080767484018 33.2068364527656 14
-91.15623918329783 33.01000092216589 14
-92.00130388056687 33.043874823533145 14
-93.09402787959465 33.01051768648881 14
-94.05975704626516 33.01211965588982 14
-94.00208614782744 33.57991445569678 14
-94.23333818233357 33.583609320605646 14
-94.42753821488645 33.57038015393891 14
-94.47991227901426 33.635983384733464 14
-94.45136105017299 34.510710354138 14
-94.43017371293331 35.48331248630335 14
-94.62861121293412 36.54058645277894 14
-93.41258724645789 36.52629791925024 14
-92.30717668330243 36.523662421203355 14
-91.25147884801174 36.52314565688043 14
-90.11219438348897 36.461754055317684 14
-90.02909868036363 36.337937323546356 14
-90.14180497919222 36.23050202081156 14
-90.25399451369786 36.12254995375383 14
-90.31538611526061 36.02307282159197 14
-89.66291948114342 36.02307282159197 14
-96.4526600817565 43.50178945573647 15
-95.35993608272871 43.50018748633542 15
-94.00102678096546 43.51341665300214 15
-92.54000484899348 43.51977285417405 15
-91.22819861526426 43.5012468531974 15
-91.21391008173555 43.44675405534562 15
-91.08373714879232 43.288004055345 15
-91.17316321487343 43.21232392025354 15
-91.16998511428747 43.00223338477093 15
-91.12923824742532 42.91283315690599 15
-91.06469438349276 42.75408315690535 15
-90.73817684605658 42.65827505143622 15
-90.64081844761868 42.50536448828457 15
-90.58260494664188 42.4291675888702 15
-90.46460181350339 42.37836965592729 15
-90.41698198114644 42.27041758886956 15
-90.2598081123307 42.18998322200727 15
-90.15663611525997 42.103735256512124 15
-90.21006954624977 41.8349144557298 15
-90.39527787958384 41.60841665299452 15
-90.46196631545651 41.53645722102809 15
-90.69055701369962 41.47878632259035 15
-91.0339985827114 41.42956452083234 15
-91.12342464879248 41.25758535416499 15
-90.9990653144821 41.17981232356573 15
-90.95674231643505 41.024757188473956 15
-91.0874320137012 40.85171865494462 15
-91.15412044957387 40.699841620438804 15
-91.4102288480124 40.55114268651894 15
-91.43033098017392 40.3685956894479 15
-91.56740271682813 40.45220815689615 15
-91.75842464879503 40.61411041926658 15
-92.85166541214576 40.59243215592015 15
-94.00208614782744 40.58501658788626 15
-94.89849138057842 40.583440456701354 15
-95.79649858273045 40.58395722102428 15
-95.86210181352499 40.764928086910416 15
-95.83406734900665 40.94380605728874 15
-95.85574561235308 41.11630198827902 15
-95.95842668331704 41.40470815689996 15
-96.02508928097356 41.52428742122335 15
-96.09704871294 41.55655935318963 15
-96.10446428097387 41.78781138769577 15
-96.16743201372152 41.95343435319121 15
-96.34894548214672 42.14182078711124 15
-96.34682674842276 42.22437388769751 15
-96.41031124549332 42.389480088870044 15
-96.45529557980339 42.488957221031896 15
-96.4537194486185 42.58050202083696 15
-96.61564754920508 42.691632188480625 15
-96.53521318234277 42.85567902279118 15
-96.4833558825379 43.01600515397672 15
-96.45953304725134 43.1244998235735 15
-96.58707048214768 43.257308254563625 15
-96.58601111528569 43.5012468531974 15
-96.4526600817565 43.50178945573647 15
-102.04118201374501 36.99198008884845 16
-102.04012264688303 38.459874986315256 16
-102.05017371296381 40.00081452082664 16
-102.04805497923984 40.00081452082664 16
-100.30022884804795 40.00081452082664 16
-99.00007564980055 40.00081452082664 16
-96.69977678097625 40.00135712336569 16
-95.32288408077542 40.00135712336569 16
-95.08530168331355 39.86800608983651 16
-94.95510291215416 39.87012482356049 16
-94.92655168331291 39.72512075454949 16
-95.06729244665982 39.53991242121542 16
-94.99109554724546 39.44467275650149 16
-94.86779557979705 39.23458222101888 16
-94.60481421586371 39.13985932062788 16
-94.6153820462674 38.06883942316266 16
-94.62279761430128 36.99991242120525 16
-95.50016008175271 36.99885305434327 16
-97.29984351274949 36.99727692315837 16
-99.10006954628534 36.995158189434406 16
-100.10021521686225 36.994098822572425 16
-101.09979244668396 36.99303945571043 16
-102.04118201374501 36.99198008884845 16
-89.66291948114342 36.02307282159197 17
-90.31538611526061 36.02307282159197 17
-90.25399451369786 36.12254995375383 17
-90.14180497919222 36.23050202081156 17
-90.02909868036363 36.337937323546356 17
-90.11219438348897 36.461754055317684 17
-91.25147884801174 36.52314565688043 17
-92.30717668330243 36.523662421203355 17
-93.41258724645789 36.52629791925024 17
-94.62861121293412 36.54058645277894 17
-94.61750077999136 36.99991242120525 17
-94.62279761430128 36.99991242120525 17
-94.6153820462674 38.06883942316266 17
-94.60481421586371 39.13985932062788 17
-94.86779557979705 39.23458222101888 17
-94.99109554724546 39.44467275650149 17
-95.06729244665982 39.53991242121542 17
-94.92655168331291 39.72512075454949 17
-94.95510291215416 39.87012482356049 17
-95.08530168331355 39.86800608983651 17
-95.32288408077542 40.00135712336569 17
-95.45254024939575 40.21514252375718 17
-95.60811214881042 40.3431708847603 17
-95.77637061235276 40.50140412043801 17
-95.79649858273045 40.58395722102428 17
-94.89849138057842 40.583440456701354 17
-94.00208614782744 40.58501658788626 17
-92.85166541214576 40.59243215592015 17
-91.75842464879503 40.61411041926658 17
-91.56740271682813 40.45220815689615 17
-91.43033098017392 40.3685956894479 17
-91.51763831253103 40.119877020827104 17
-91.42821224644996 39.82090302180248 17
-91.2625892809545 39.615049953767794 17
-91.0715673489876 39.445189520824414 17
-90.84137468134344 39.31077912043325 17
-90.74928727899933 39.265278021800256 17
-90.66570064976722 39.074772854156265 17
-90.64981014683747 38.907547919259756 17
-90.53552771682399 38.865767523751785 17
-90.3465986803649 38.93031138768433 17
-90.1560935127209 38.76944265395973 17
-90.2127308825128 38.584776923164725 17
-90.30533504917983 38.439256089830806 17
-90.36987891311239 38.26355622003844 17
-90.22807878290348 38.11328115493366 17
-90.03015804722561 37.97199778904769 17
-89.91690914585797 37.968277085922665 17
-89.65498714878662 37.74867808689835 17
-89.5539080472237 37.71904165297896 17
-89.47928727899424 37.477221788069144 17
-89.51633928094752 37.32692088474823 17
-89.38828508172826 37.08140615492954 17
-89.28033301467053 37.107347723940066 17
-89.10305701369326 36.952292588848294 17
-89.13426957879756 36.85175608982445 17
-89.115226813498 36.694582221008716 17
-89.27397681349862 36.61151235609954 17
-89.49835588250994 36.5061957870887 17
-89.52427161330432 36.40935415297372 17
-89.585120612328 36.26701142022576 17
-89.66291948114342 36.02307282159197 17
-102.05017371296381 40.00081452082664 18
-102.05017371296381 40.033086452792915 18
-102.04805497923984 41.00411245377336 18
-104.04514238159157 41.00411245377336 18
-104.05255794962545 43.00014048926312 18
-102.09991227904473 43.00014048926312 18
-100.59974544961165 43.00014048926312 18
-98.59418311236405 43.00014048926312 18
-98.33595598020155 42.87366242122876 18
-97.96820064979643 42.79428742122843 18
-97.88192684608515 42.83978851986143 18
-97.64434444862326 42.83609365495256 18
-97.28715694862183 42.846144721033326 18
-97.02838721392027 42.717547919275006 18
-96.75426957882803 42.63396129004289 18
-96.70876848019503 42.55086558691757 18
-96.62303727902282 42.502728990237685 18
-96.45529557980339 42.488957221031896 18
-96.41031124549332 42.389480088870044 18
-96.34682674842276 42.22437388769751 18
-96.34894548214672 42.14182078711124 18
-96.16743201372152 41.95343435319121 18
-96.10446428097387 41.78781138769577 18
-96.09704871294 41.55655935318963 18
-96.02508928097356 41.52428742122335 18
-95.95842668331704 41.40470815689996 18
-95.85574561235308 41.11630198827902 18
-95.83406734900665 40.94380605728874 18
-95.86210181352499 40.764928086910416 18
-95.79649858273045 40.58395722102428 18
-95.77637061235276 40.50140412043801 18
-95.60811214881042 40.3431708847603 18
-95.45254024939575 40.21514252375718 18
-95.32288408077542 40.00135712336569 18
-96.69977678097625 40.00135712336569 18
-99.00007564980055 40.00081452082664 18
-100.30022884804795 40.00081452082664 18
-102.04805497923984 40.00081452082664 18
-102.05017371296381 40.00081452082664 18
-103.00321631550668 36.995158189434406 19
-102.04118201374501 36.99198008884845 19
-101.09979244668396 36.99303945571043 19
-100.10021521686225 36.994098822572425 19
-99.10006954628534 36.995158189434406 19
-97.29984351274949 36.99727692315837 19
-95.50016008175271 36.99885305434327 19
-94.62279761430128 36.99991242120525 19
-94.61750077999136 36.99991242120525 19
-94.62861121293412 36.54058645277894 19
-94.43017371293331 35.48331248630335 19
-94.45136105017299 34.510710354138 19
-94.47991227901426 33.635983384733464 19
-94.91014441606023 33.8317853866875 19
-95.19059241410824 33.93816132256019 19
-95.41812374548935 33.87041351982555 19
-95.76949764685799 33.88100718844538 19
-95.9774694486166 33.879431057260476 19
-96.14890601274487 33.797937323536246 19
-96.31613094764138 33.75613108981207 19
-96.4627111478373 33.805327053354006 19
-96.79661841509122 33.751351019825066 19
-96.94795284705799 33.91805919039871 19
-97.10406734901173 33.77359772392673 19
-97.37658301470293 33.8381415878593 19
-97.6570310127509 33.99371348727395 19
-97.95709021685369 33.89369375257304 19
-98.08832251665889 34.13448008883702 19
-98.55397884804097 34.11065725355047 19
-98.85189348020361 34.164633287079326 19
-99.18740271685863 34.23555919040001 19
-99.33607581256231 34.442962551403355 19
-99.59908301471181 34.37629995374684 19
-99.76152787962133 34.45779368747117 19
-100.00019548216133 34.56522899020594 19
-100.00019548216133 35.51984772393371 19
-100.00019548216133 36.49932282159388 19
-101.00083207884502 36.49932282159388 19
-102.00149451374489 36.49932282159398 19
-103.00161434610563 36.49932282159388 19
-103.00321631550668 36.995158189434406 19
-96.53945064979075 46.017966620460186 20
-96.55689144568922 45.87244578712617 20
-96.78072791216147 45.76079885515958 20
-96.83470394569034 45.62532908790642 20
-96.73576941606754 45.47081655535372 20
-96.56061214881424 45.39301768653837 20
-96.43943091508982 44.43576345476367 20
-96.4526600817565 43.50178945573647 20
-96.58601111528569 43.5012468531974 20
-96.58707048214768 43.257308254563625 20
-96.45953304725134 43.1244998235735 20
-96.4833558825379 43.01600515397672 20
-96.53521318234277 42.85567902279118 20
-96.61564754920508 42.691632188480625 20
-96.4537194486185 42.58050202083696 20
-96.45529557980339 42.488957221031896 20
-96.62303727902282 42.502728990237685 20
-96.70876848019503 42.55086558691757 20
-96.75426957882803 42.63396129004289 20
-97.02838721392027 42.717547919275006 20
-97.28715694862183 42.846144721033326 20
-97.64434444862326 42.83609365495256 20
-97.88192684608515 42.83978851986143 20
-97.96820064979643 42.79428742122843 20
-98.33595598020155 42.87366242122876 20
-98.59418311236405 43.00014048926312 20
-100.59974544961165 43.00014048926312 20
-102.09991227904473 43.00014048926312 20
-104.05255794962545 43.00014048926312 20
-104.07795691609692 45.04061025652388 20
-104.02661638061494 45.956600857113486 20
-102.11686214883646 45.96135508888433 20
-100.06685807981785 45.96556671811612 20
-98.44178931353531 45.96344798439215 20
-96.53945064979075 46.017966620460186 20
-94.05975704626516 33.01211965588982 21
-93.09402787959465 33.01051768648881 21
-92.00130388056687 33.043874823533145 21
-91.15623918329783 33.01000092216589 21
-91.08479651565432 32.95284678805103 21
-91.17579871292025 32.80838532157918 21
-91.03082048212548 32.60253225354444 21
-91.0720841133105 32.47871552177321 21
-90.94297054722921 32.30673635510567 21
-91.08161841506836 32.20459788668086 21
-91.12817888056327 32.01569468843792 21
-91.32131954625419 31.859580186484266 21
-91.41128821487433 31.6500322535407 21
-91.50229041214038 31.40872915295381 21
-91.62453101272678 31.29708222098708 21
-91.58378414586463 31.04733002372052 21
-90.70166744664232 31.015574856077194 21
-89.75921851271931 31.01345612235326 21
-89.78779557977674 30.847290554318647 21
-89.8539414131103 30.683243720008136 21
-89.79045691603972 30.556791490189937 21
-89.65868201369545 30.440881252559336 21
-89.62323198114325 30.27525828706382 21
-89.60470598016661 30.17629791922485 21
-89.59392913902984 30.1603780541948 21
-89.59383117841975 30.159994004836847 21
-89.59370212735638 30.16004270590898 21
-89.41373499999992 29.894190000000037 21
-89.43 29.488640000000032 21
-89.21767 29.29108000000008 21
-89.4083872138898 29.159770819611367 21
-89.77927999999991 29.307140000000004 21
-90.15462999999994 29.11743000000007 21
-90.880225 29.14853499999998 21
-91.62678499999993 29.677000000000135 21
-92.49905999999999 29.55230000000006 21
-93.22636999999997 29.78375000000011 21
-93.84842000000003 29.71363000000008 21
-93.91847368037912 29.821771755486566 21
-93.81687781449335 29.96835195568235 21
-93.66711951371155 30.10064362234965 21
-93.66448401566464 30.300140489212254 21
-93.73750281449298 30.3668030868688 21
-93.65019548213593 30.60547068940889 21
-93.5861683825263 30.713939520789552 21
-93.48984351273424 31.079601955686883 21
-93.57823605016944 31.216131089801934 21
-93.69412044958403 31.443662421183035 21
-93.7793090482171 31.67543122001223 21
-93.83486121293095 31.829943752564816 21
-93.9989080472414 31.942650051393343 21
-94.05975704626516 33.01211965588982 21
-106.50734351278624 31.754289455689502 22
-106.61953304729195 31.91409882255209 22
-106.63012671591179 31.99928742118533 22
-105.73000078003582 31.99928742118533 22
-103.92977474649996 31.99928742118533 22
-103.00161434610561 31.99928742118533 22
-103.00161434610561 33.879947821583414 22
-103.00161434610563 36.49932282159388 22
-102.00149451374489 36.49932282159398 22
-101.00083207884502 36.49932282159388 22
-100.00019548216133 36.49932282159388 22
-100.00019548216133 35.51984772393371 22
-100.00019548216133 34.56522899020594 22
-99.76152787962133 34.45779368747117 22
-99.59908301471181 34.37629995374684 22
-99.33607581256231 34.442962551403355 22
-99.18740271685863 34.23555919040001 22
-98.85189348020361 34.164633287079326 22
-98.55397884804097 34.11065725355047 22
-98.08832251665889 34.13448008883702 22
-97.95709021685369 33.89369375257304 22
-97.6570310127509 33.99371348727395 22
-97.37658301470293 33.8381415878593 22
-97.10406734901173 33.77359772392673 22
-96.94795284705799 33.91805919039871 22
-96.79661841509122 33.751351019825066 22
-96.4627111478373 33.805327053354006 22
-96.31613094764138 33.75613108981207 22
-96.14890601274487 33.797937323536246 22
-95.9774694486166 33.879431057260476 22
-95.76949764685799 33.88100718844538 22
-95.41812374548935 33.87041351982555 22
-95.19059241410824 33.93816132256019 22
-94.91014441606023 33.8317853866875 22
-94.47991227901426 33.635983384733464 22
-94.42753821488645 33.57038015393891 22
-94.23333818233357 33.583609320605646 22
-94.00208614782744 33.57991445569678 22
-94.05975704626516 33.01211965588982 22
-93.9989080472414 31.942650051393343 22
-93.83486121293095 31.829943752564816 22
-93.7793090482171 31.67543122001223 22
-93.69412044958403 31.443662421183035 22
-93.57823605016944 31.216131089801934 22
-93.48984351273424 31.079601955686883 22
-93.5861683825263 30.713939520789552 22
-93.65019548213593 30.60547068940889 22
-93.73750281449298 30.3668030868688 22
-93.66448401566464 30.300140489212254 22
-93.66711951371155 30.10064362234965 22
-93.81687781449335 29.96835195568235 22
-93.91847368037912 29.821771755486566 22
-93.84842000000003 29.71363000000008 22
-94.69000281449689 29.4799321558757 22
-95.60017981645365 28.738556220000362 22
-96.5939434476424 28.307290554308565 22
-97.14003414588689 27.829981187444673 22
-97.37022681353096 27.380189520776185 22
-97.37976111528883 26.69015412038283 22
-97.33002254920791 26.21020925547191 22
-97.14003414588689 25.869945787046277 22
-97.53003618039355 25.83979258880396 22
-98.24017371294855 26.059934190367358 22
-99.0201777819621 26.370018622334726 22
-99.30010901568716 26.839912421164684 22
-99.52022477903438 27.53999888763883 22
-100.11026628294297 28.109912421169724 22
-100.45580074746255 28.696233221953378 22
-100.95744971393594 29.38097178803673 22
-101.662290412181 29.779422919223236 22
-102.47986324747075 29.759863389600753 22
-103.11010901570234 28.96980825450646 22
-103.9398258125807 29.269841620393095 22
-104.45682267944477 29.571993720003775 22
-104.7055413480656 30.121805121373143 22
-105.03732988159555 30.64409882254705 22
-105.6315830147359 31.083839423134748 22
-106.1427662829671 31.399737453735042 22
-106.50734351278624 31.754289455689502 22
-73.49793718127407 42.054513454754115 23
-72.73222164578922 42.03598745377748 23
-71.8009089830251 42.013249823569055 23
-71.79295081245215 41.466616522785614 23
-71.853825649692 41.32003632258983 23
-72.29514238146447 41.26975515396981 23
-72.87616634793818 41.22055919042799 23
-73.64788653178721 40.95323936094951 23
-73.64826921714257 40.954623463363454 23
-73.64788653178721 40.95476927691993 23
-73.65668718127472 40.9850696884738 23
-73.69267981636597 41.107310289060365 23
-73.47517371284943 41.2046686874981 23
-73.55348934598777 41.28985728613134 23
-73.49793718127407 42.054513454754115 23
-71.8009089830251 42.013249823569055 24
-72.73222164578922 42.03598745377748 24
-73.49793718127407 42.054513454754115 24
-73.28203304715862 42.74348948828549 24
-72.45707048205115 42.72708222103286 24
-71.24897884793177 42.71809052181413 24
-71.14578101264487 42.816508287114004 24
-70.93359758165442 42.88425608984859 24
-70.81505184597688 42.865187486332886 24
-70.82510291205764 42.33496145280212 24
-70.49491634792872 41.80473541927135 24
-70.08005794948956 41.77987905533895 24
-70.18483191596133 42.144998887697184 24
-69.88479855007472 41.922764390625986 24
-69.96520707872087 41.63699372005193 24
-70.63989457872357 41.47506561946534 24
-71.1203820461734 41.49465098730397 24
-71.14789974636884 41.64758738867177 24
-71.30507361518457 41.76241242122431 24
-71.37915178087496 42.02436025651181 24
-71.8009089830251 42.013249823569055 24
-70.81505184597688 42.865187486332886 25
-70.93359758165442 42.88425608984859 25
-71.14578101264487 42.816508287114004 25
-71.24897884793177 42.71809052181413 25
-72.45707048205115 42.72708222103286 25
-72.53750484891344 42.83079682064263 25
-72.45864661323606 42.96045298926299 25
-72.43430701362658 43.222917588873365 25
-72.4036112128452 43.285368557298106 25
-72.36976314969402 43.521891587898004 25
-72.26020911323525 43.72138845476078 25
-72.17819861518808 43.80869578711793 25
-72.05913611518758 44.04576142025695 25
-72.036372646763 44.20663015398147 25
-72.00304134793475 44.304014390635515 25
-71.80990068224389 44.3521509873155 25
-71.58552161323257 44.46803538672992 25
-71.54637671577146 44.59239472104031 25
-71.62045488146187 44.73579682065026 25
-71.50351111518535 45.00779572201852 25
-71.50508724637027 45.00831248634144 25
-71.40509334988542 45.254912421238316 25
-71.08481999999998 45.30523999999997 25
-70.94416541205806 43.46633942318431 25
-70.98176001655037 43.36789581966826 25
-70.79761105007827 43.21973948828747 25
-70.75102474636725 43.08003225358635 25
-70.64573401557249 43.090083319667144 25
-70.81505184597688 42.865187486332886 25
-71.853825649692 41.32003632258983 26
-71.79295081245215 41.466616522785614 26
-71.8009089830251 42.013249823569055 26
-71.37915178087496 42.02436025651181 26
-71.30507361518457 41.76241242122431 26
-71.14789974636884 41.64758738867177 26
-71.1203820461734 41.49465098730397 26
-71.853825649692 41.32003632258983 26
-72.45707048205115 42.72708222103286 27
-73.28203304715862 42.74348948828549 27
-73.23971004911158 43.56793528907005 27
-73.38311214872152 43.57535085710395 27
-73.40163814969816 43.61343638770307 27
-73.33812781441145 43.758440456714084 27
-73.4296726142165 44.01984568946249 27
-73.32913611519265 44.22673228614301 27
-73.3841715155835 44.379151923187905 27
-73.40796851265391 44.67600718848857 27
-73.36828101265375 44.804603990246875 27
-73.34766211616932 45.00725311947946 27
-71.50508724637027 45.00831248634144 27
-71.50351111518535 45.00779572201852 27
-71.62045488146187 44.73579682065026 27
-71.54637671577146 44.59239472104031 27
-71.58552161323257 44.46803538672992 27
-71.80990068224389 44.3521509873155 27
-72.00304134793475 44.304014390635515 27
-72.036372646763 44.20663015398147 27
-72.05913611518758 44.04576142025695 27
-72.17819861518808 43.80869578711793 27
-72.26020911323525 43.72138845476078 27
-72.36976314969402 43.521891587898004 27
-72.4036112128452 43.285368557298106 27
-72.43430701362658 43.222917588873365 27
-72.45864661323606 42.96045298926299 27
-72.53750484891344 42.83079682064263 27
-72.45707048205115 42.72708222103286 27
-88.16696428094212 34.999672756483704 28
-86.90967668328085 34.99913015394465 28
-85.62538814974705 34.98590098727793 28
-85.36555904818351 33.74447805433026 28
-85.12955278190654 32.750714423141375 28
-84.98615068229658 32.43796865491096 28
-84.89884334993945 32.25911652274878 28
-85.06392371289584 32.083416652956416 28
-85.11950171582576 31.76539988863223 28
-85.06552568229691 31.5770134547122 28
-85.09038204622931 31.400280056274084 28
-85.11789974642471 31.236233221963445 28
-85.05441524935415 31.108695787067106 28
-85.00519344759613 30.990692653928605 28
-87.0456632148569 30.984879055295778 28
-87.61715287957273 30.927724921180967 28
-87.63304338250248 30.851528021766683 28
-87.4049694485823 30.60864878999479 28
-87.45788611524918 30.411270656855976 28
-87.53038814975469 30.274198920201783 28
-88.41780168328688 30.38481232352254 28
-88.44953101271409 31.91198008882813 28
-88.27334021681494 33.510047919238175 28
-88.09552161329862 34.80598948825383 28
-88.16696428094212 34.999672756483704 28
-87.53038814975469 30.274198920201783 29
-87.45788611524918 30.411270656855976 29
-87.4049694485823 30.60864878999479 29
-87.63304338250248 30.851528021766683 29
-87.61715287957273 30.927724921180967 29
-87.0456632148569 30.984879055295778 29
-85.00519344759613 30.990692653928605 29
-84.85331641309023 30.721355088823486 29
-83.84789974641967 30.675311387651334 29
-82.22600908072297 30.52555308686948 29
-82.15193091503261 30.35093842215514 29
-82.02281734895132 30.440364488236412 29
-82.02015601268835 30.78801768647986 29
-81.8995173815029 30.82189158784729 29
-81.70159664582513 30.748330186479848 29
-81.49047258169657 30.729830023719217 29
-81.31371000000001 30.035520000000133 29
-80.97983191600446 29.179898789989068 29
-80.53558499999997 28.47213000000005 29
-80.53004024933603 28.04007172292728 29
-80.05653928497765 26.879999999999995 29
-80.08801499999998 26.205765000000042 29
-80.13155999999987 25.81677500000012 29
-80.38103000000001 25.20616000000001 29
-80.67979855011788 25.07991649016799 29
-81.17191321483341 25.201097723892417 29
-81.33012061229499 25.639753119402087 29
-81.71007158072098 25.869945787046277 29
-82.23978084992882 26.729841620383013 29
-82.70514999999995 27.495040000000074 29
-82.85525999999999 27.886240000000043 29
-82.64988501659712 28.55016978608029 29
-82.9299999999999 29.100000000000136 29
-83.70958999999993 29.9365600000001 29
-84.0997965156264 30.090049953729817 29
-85.10882000000004 29.6361500000001 29
-85.28783999999996 29.68612000000013 29
-85.7731 30.152609999999925 29
-86.40006954623453 30.40016022391336 29
-87.53038814975469 30.274198920201783 29
-85.00519344759613 30.990692653928605 30
-85.05441524935415 31.108695787067106 30
-85.11789974642471 31.236233221963445 30
-85.09038204622931 31.400280056274084 30
-85.06552568229691 31.5770134547122 30
-85.11950171582576 31.76539988863223 30
-85.06392371289584 32.083416652956416 30
-84.89884334993945 32.25911652274878 30
-84.98615068229658 32.43796865491096 30
-85.12955278190654 32.750714423141375 30
-85.36555904818351 33.74447805433026 30
-85.62538814974705 34.98590098727793 30
-84.8543757799523 34.97690928805915 30
-84.32097164583558 34.98696035413991 30
-83.07637061230196 34.97902802178311 30
-83.18592464876076 34.895958156873974 30
-83.34625077994627 34.706512356091935 30
-83.07637061230196 34.54034678805738 30
-82.9028153144497 34.4794977890337 30
-82.71654761425356 34.163057155894535 30
-82.59748511425317 33.98578115491722 30
-82.24928931347051 33.748715521778195 30
-82.18050798209003 33.624356187467924 30
-81.94344234895101 33.46136872001921 30
-81.82701534699743 33.22324372001839 30
-81.50739661327219 33.02162811943151 30
-81.43595394562868 32.79303742118839 30
-81.37670691600607 32.68244985608385 30
-81.41109758169631 32.60888845471641 30
-81.22482988150023 32.49936025647378 30
-81.12641211620041 32.31203318941573 30
-81.1279882473853 32.121528021771724 30
-81.03644344758027 32.084476019818396 30
-80.86500688345194 32.03316132255259 30
-81.33629000000002 31.440490000000068 30
-81.49047258169657 30.729830023719217 30
-81.70159664582513 30.748330186479848 30
-81.8995173815029 30.82189158784729 30
-82.02015601268835 30.78801768647986 30
-82.02281734895132 30.440364488236412 30
-82.15193091503261 30.35093842215514 30
-82.22600908072297 30.52555308686948 30
-83.84789974641967 30.675311387651334 30
-84.85331641309023 30.721355088823486 30
-85.00519344759613 30.990692653928605 30
-91.15623918329783 33.01000092216589 31
-91.1080767484018 33.2068364527656 31
-91.22344438349342 33.46932689059217 31
-91.20068091506883 33.70639252373114 31
-90.9821412829065 34.0551050888367 31
-90.87630794957275 34.261474921194306 31
-90.6995487129184 34.39746145277036 31
-90.58420691604294 34.45409882256226 31
-90.4503132799747 34.7218602564826 31
-90.44661841506581 34.86683848727745 31
-90.26828304722656 34.94145925550691 31
-90.249240281927 35.02083425550724 31
-89.26392574741786 35.02135101983015 31
-88.16696428094212 34.999672756483704 31
-88.09552161329862 34.80598948825383 31
-88.27334021681494 33.510047919238175 31
-88.44953101271409 31.91198008882813 31
-88.41780168328688 30.38481232352254 31
-89.1804899999999 30.31598000000008 31
-89.59370212735638 30.16004270590898 31
-89.59383117841975 30.159994004836847 31
-89.59392913902984 30.1603780541948 31
-89.60470598016661 30.17629791922485 31
-89.62323198114325 30.27525828706382 31
-89.65868201369545 30.440881252559336 31
-89.79045691603972 30.556791490189937 31
-89.8539414131103 30.683243720008136 31
-89.78779557977674 30.847290554318647 31
-89.75921851271931 31.01345612235326 31
-90.70166744664232 31.015574856077194 31
-91.58378414586463 31.04733002372052 31
-91.62453101272678 31.29708222098708 31
-91.50229041214038 31.40872915295381 31
-91.41128821487433 31.6500322535407 31
-91.32131954625419 31.859580186484266 31
-91.12817888056327 32.01569468843792 31
-91.08161841506836 32.20459788668086 31
-90.94297054722921 32.30673635510567 31
-91.0720841133105 32.47871552177321 31
-91.03082048212548 32.60253225354444 31
-91.17579871292025 32.80838532157918 31
-91.08479651565432 32.95284678805103 31
-91.15623918329783 33.01000092216589 31
-80.86500688345194 32.03316132255259 32
-81.03644344758027 32.084476019818396 32
-81.1279882473853 32.121528021771724 32
-81.12641211620041 32.31203318941573 32
-81.22482988150023 32.49936025647378 32
-81.41109758169631 32.60888845471641 32
-81.37670691600607 32.68244985608385 32
-81.43595394562868 32.79303742118839 32
-81.50739661327219 33.02162811943151 32
-81.82701534699743 33.22324372001839 32
-81.94344234895101 33.46136872001921 32
-82.18050798209003 33.624356187467924 32
-82.24928931347051 33.748715521778195 32
-82.59748511425317 33.98578115491722 32
-82.71654761425356 34.163057155894535 32
-82.9028153144497 34.4794977890337 32
-83.07637061230196 34.54034678805738 32
-83.34625077994627 34.706512356091935 32
-83.18592464876076 34.895958156873974 32
-83.07637061230196 34.97902802178311 32
-82.9763767158172 35.0086644557025 32
-82.4366163805285 35.180101019830886 32
-81.51426957876708 35.17165192315099 32
-81.04597774933814 35.125608221979064 32
-81.0380195787651 35.03724152275993 32
-80.9374830797413 35.103387356093606 32
-80.78085181346466 34.93404368747309 32
-80.7835131497277 34.81764252373563 32
-79.67277991404609 34.80756561943866 32
-78.55411434600785 33.86142182060689 32
-79.06067000000002 33.493949999999984 32
-79.20357000000001 33.15839000000011 32
-80.30132500000002 32.509355000000085 32
-80.86500688345194 32.03316132255259 32
-91.43033098017392 40.3685956894479 33
-91.4102288480124 40.55114268651894 33
-91.15412044957387 40.699841620438804 33
-91.0874320137012 40.85171865494462 33
-90.95674231643505 41.024757188473956 33
-90.9990653144821 41.17981232356573 33
-91.12342464879248 41.25758535416499 33
-91.0339985827114 41.42956452083234 33
-90.69055701369962 41.47878632259035 33
-90.46196631545651 41.53645722102809 33
-90.39527787958384 41.60841665299452 33
-90.21006954624977 41.8349144557298 33
-90.15663611525997 42.103735256512124 33
-90.2598081123307 42.18998322200727 33
-90.41698198114644 42.27041758886956 33
-90.46460181350339 42.37836965592729 33
-90.58260494664188 42.4291675888702 33
-90.64081844761868 42.50536448828457 33
-89.62005388055731 42.50536448828457 33
-88.5765516832875 42.50324575456061 33
-87.80659868035474 42.49425405534181 33
-87.80659868035474 42.4968895533887 33
-87.48964128289253 42.49531342220381 33
-87.039307013685 42.492652085940904 33
-87.084808112318 42.30956248633066 33
-87.13033504916714 42.12701548925962 33
-87.17583614780017 41.9439000514335 33
-87.22133724643314 41.76083629003941 33
-87.37163814975403 41.76083629003941 33
-87.52085384799682 41.76083629003941 33
-87.52137061231974 41.70843638769544 33
-87.52615068230674 41.70843638769544 33
-87.52721004916873 40.55008331965696 33
-87.52826941603071 39.39227285415754 33
-87.64203508172127 39.1139435898335 33
-87.55999874545792 39.040382188466026 33
-87.50708207879104 38.86946238866065 33
-87.51504024936399 38.73505198826949 33
-87.59865271681224 38.6742029892458 33
-87.6711289131016 38.508580023750355 33
-87.87855811232117 38.29055715591093 33
-88.01880794956132 38.02173635512861 33
-88.05107988152758 37.81960399021895 33
-88.04420691603278 37.744983221989486 33
-88.15742997918427 37.605818589827464 33
-88.0717246162282 37.51161245375938 33
-88.24739864780442 37.43859365493097 33
-88.47387061232357 37.35498118748272 33
-88.43524247918538 37.13644155532039 33
-88.5664747789906 37.05388845473412 33
-88.80777787957749 37.14649262140115 33
-89.07396318231294 37.20046865493002 33
-89.14168514683143 37.10362702081504 33
-89.10305701369326 36.952292588848294 33
-89.28033301467053 37.107347723940066 33
-89.38828508172826 37.08140615492954 33
-89.51633928094752 37.32692088474823 33
-89.47928727899424 37.477221788069144 33
-89.5539080472237 37.71904165297896 33
-89.65498714878662 37.74867808689835 33
-89.91690914585797 37.968277085922665 33
-90.03015804722561 37.97199778904769 33
-90.22807878290348 38.11328115493366 33
-90.36987891311239 38.26355622003844 33
-90.30533504917983 38.439256089830806 33
-90.2127308825128 38.584776923164725 33
-90.1560935127209 38.76944265395973 33
-90.3465986803649 38.93031138768433 33
-90.53552771682399 38.865767523751785 33
-90.64981014683747 38.907547919259756 33
-90.66570064976722 39.074772854156265 33
-90.74928727899933 39.265278021800256 33
-90.84137468134344 39.31077912043325 33
-91.0715673489876 39.445189520824414 33
-91.2625892809545 39.615049953767794 33
-91.42821224644996 39.82090302180248 33
-91.51763831253103 40.119877020827104 33
-91.43033098017392 40.3685956894479 33
-88.05107988152758 37.81960399021895 34
-88.01880794956132 38.02173635512861 34
-87.87855811232117 38.29055715591093 34
-87.6711289131016 38.508580023750355 34
-87.59865271681224 38.6742029892458 34
-87.51504024936399 38.73505198826949 34
-87.50708207879104 38.86946238866065 34
-87.55999874545792 39.040382188466026 34
-87.64203508172127 39.1139435898335 34
-87.52826941603071 39.39227285415754 34
-87.52721004916873 40.55008331965696 34
-87.52615068230674 41.70843638769544 34
-87.52137061231974 41.70843638769544 34
-87.52085384799682 41.76083629003941 34
-87.37163814975403 41.76083629003941 34
-87.22133724643314 41.76083629003941 34
-86.91812577996058 41.76083629003949 34
-86.82446224643155 41.76083629003941 34
-86.82446224643155 41.7560562200524 34
-85.7481455146564 41.751301988281554 34
-84.80729855013442 41.7560562200524 34
-84.80675594759535 41.67774058691407 34
-84.8099340481813 40.77286041926722 34
-84.8178663805381 39.79974152277896 34
-84.82367997917093 39.10652802179962 34
-84.88137671582481 39.05942495376557 34
-84.79988298210053 38.85517385513195 34
-84.84326534700955 38.78109568944154 34
-85.01154964876804 38.77949372004049 34
-85.16763831250564 38.6911270208214 34
-85.4041871813217 38.72711965591269 34
-85.42589128288428 38.53503835708379 34
-85.5666320462312 38.46199372003923 34
-85.69840694857547 38.290014553371876 34
-85.83969031446145 38.25880198826758 34
-86.05983191602483 37.960887356104934 34
-86.26250688347356 38.04661855727716 34
-86.32547461622121 38.16937592218649 34
-86.49957251661253 37.969879055323716 34
-86.61016008171714 37.85874888768005 34
-86.82552161329352 37.97623525649561 34
-87.05571428093768 37.88096975356555 34
-87.13139441602912 37.78361135512766 34
-87.43936011427255 37.9360051539564 34
-87.65366227898694 37.82647695571377 34
-87.91137264682652 37.90424998631303 34
-87.92142371290728 37.793662421208424 34
-88.05107988152758 37.81960399021895 34
-89.49835588250994 36.5061957870887 35
-89.27397681349862 36.61151235609954 35
-89.115226813498 36.694582221008716 35
-89.13426957879756 36.85175608982445 35
-89.10305701369326 36.952292588848294 35
-89.14168514683143 37.10362702081504 35
-89.07396318231294 37.20046865493002 35
-88.80777787957749 37.14649262140115 35
-88.5664747789906 37.05388845473412 35
-88.43524247918538 37.13644155532039 35
-88.47387061232357 37.35498118748272 35
-88.24739864780442 37.43859365493097 35
-88.0717246162282 37.51161245375938 35
-88.15742997918427 37.605818589827464 35
-88.04420691603278 37.744983221989486 35
-88.05107988152758 37.81960399021895 35
-87.92142371290728 37.793662421208424 35
-87.91137264682652 37.90424998631303 35
-87.65366227898694 37.82647695571377 35
-87.43936011427255 37.9360051539564 35
-87.13139441602912 37.78361135512766 35
-87.05571428093768 37.88096975356555 35
-86.82552161329352 37.97623525649561 35
-86.61016008171714 37.85874888768005 35
-86.49957251661253 37.969879055323716 35
-86.32547461622121 38.16937592218649 35
-86.26250688347356 38.04661855727716 35
-86.05983191602483 37.960887356104934 35
-85.83969031446145 38.25880198826758 35
-85.69840694857547 38.290014553371876 35
-85.5666320462312 38.46199372003923 35
-85.42589128288428 38.53503835708379 35
-85.4041871813217 38.72711965591269 35
-85.16763831250564 38.6911270208214 35
-85.01154964876804 38.77949372004049 35
-84.84326534700955 38.78109568944154 35
-84.79988298210053 38.85517385513195 35
-84.88137671582481 39.05942495376557 35
-84.82367997917093 39.10652802179962 35
-84.48132361523727 39.08324778905212 35
-84.30459021679906 38.98692291926008 35
-84.03894751660269 38.76099355728 35
-83.82673824739611 38.69006765395942 35
-83.67274247916633 38.60911652277419 35
-83.43461747916538 38.63715098729253 35
-83.25894344758916 38.57948008885481 35
-83.04464128287475 38.63451548924564 35
-82.85519548209274 38.65143952082124 35
-82.77527787955336 38.51121552179724 35
-82.5890101793573 38.415433254544254 35
-82.56996741405774 38.320193589830325 35
-82.58056108267758 38.11328115493366 35
-82.46149858267711 37.95716665297992 35
-82.41333614778108 37.80531545669025 35
-82.26729855012425 37.67565928806994 35
-82.16727881542333 37.554478054345495 35
-81.9725361803314 37.53595205336886 35
-82.07538986207479 37.459358179410245 35
-82.37258911132812 37.23803901672363 35
-82.6847915649414 37.12109565734863 35
-82.68479213152052 37.12109377295471 35
-82.68479244661029 37.121093654929695 35
-82.70913176984146 37.040143442951724 35
-82.81550788879395 36.93482780456543 35
-83.0733530067755 36.82260930628833 35
-83.08908301464577 36.81576345473316 35
-83.09948313683732 36.80443780881003 35
-83.17850875854492 36.71838188171387 35
-83.33059243922776 36.67266067363208 35
-83.38436214876154 36.65649669040961 35
-83.67328508170539 36.59985932061771 35
-84.35009131543205 36.567044786112376 35
-85.23114864779235 36.60991038669849 35
-85.51901221387423 36.59774058689375 35
-86.09262061231402 36.62577505141209 35
-86.67788204623565 36.63373322198504 35
-87.21658301466228 36.63900421807881 35
-87.84204871290697 36.61096975356047 35
-87.87434648308938 36.65649669040961 35
-88.07278398309018 36.654377956685636 35
-88.06960588250422 36.4972040878699 35
-89.49835588250994 36.5061957870887 35
-83.07637061230196 34.97902802178311 36
-84.32097164583558 34.98696035413991 36
-84.29875077995008 35.19862702080742 36
-84.08708411328257 35.26159475355507 36
-84.01776017936302 35.36900421807373 36
-83.87596004915412 35.490211290014315 36
-83.67328508170539 35.51666962334775 36
-83.43833818229038 35.56268748630367 36
-83.20972164583114 35.64896129001495 36
-83.11078711620837 35.737327989234075 36
-82.92028194856437 35.817219753557296 36
-82.92557878287428 35.889721788062786 36
-82.6742246162066 36.02519155531594 36
-82.59324764680525 35.937341620419886 36
-82.22389034699907 36.125728054339774 36
-82.0513944160088 36.10614268650116 36
-81.89739864777903 36.273910223936724 36
-81.6936643134683 36.317292588845746 36
-81.70477474641106 36.46015208591663 36
-81.67937577993962 36.58557078708901 36
-82.06990138690504 36.570483202477405 36
-81.67937469482422 36.58557319641113 36
-79.99239730834961 36.54218864440918 36
-77.99954795837402 36.53743553161621 36
-76.94121551513672 36.54588508605957 36
-75.99324725779447 36.550562300522934 36
-75.8680767483408 36.55118012139883 36
-75.86807671493632 36.551179883937685 36
-75.72731014677777 35.550517686499006 36
-76.36336951364223 34.80862498630063 36
-77.39763500000004 34.51201000000003 36
-78.05495999999994 33.925470000000075 36
-78.55411434600785 33.86142182060689 36
-79.67277991404609 34.80756561943866 36
-80.7835131497277 34.81764252373563 36
-80.78085181346466 34.93404368747309 36
-80.9374830797413 35.103387356093606 36
-81.0380195787651 35.03724152275993 36
-81.04597774933814 35.125608221979064 36
-81.51426957876708 35.17165192315099 36
-82.4366163805285 35.180101019830886 36
-82.9763767158172 35.0086644557025 36
-83.07637061230196 34.97902802178311 36
-84.82367997917093 39.10652802179962 37
-84.8178663805381 39.79974152277896 37
-84.8099340481813 40.77286041926722 37
-84.80675594759535 41.67774058691407 37
-84.29505591504122 41.68515615494796 37
-83.83996741406284 41.68515615494796 37
-83.46267778189986 41.694147854166715 37
-83.14199968131265 41.97568105729283 37
-83.1218975491511 41.94973948828235 37
-83.029810146807 41.83279572200584 37
-82.8663059150355 41.75287811946646 37
-82.6900892809202 41.675105088867184 37
-82.4392777167916 41.675105088867184 37
-82.21332251659538 41.77881968847697 37
-81.97413814973245 41.88889048925867 37
-81.76086951366389 41.98679149023562 37
-81.50739661327225 42.103735256512124 37
-81.27774654816716 42.209025987306816 37
-81.0279685126844 42.24713735612208 37
-80.68243404816478 42.299511420249885 37
-80.5205059475782 42.32439362239843 37
-80.5162684801303 42.324910386721456 37
-80.5162684801303 42.32439362239842 37
-80.5189298163933 40.64111135513909 37
-80.65755184601625 40.5908301865191 37
-80.6152288479692 40.463835354161816 37
-80.66178931346417 40.23364268651767 37
-80.76498714875106 39.973296820631205 37
-80.86182878286601 39.75739268651576 37
-80.87875281444161 39.65422068944504 37
-81.15075171580989 39.426146755524854 37
-81.26609351268534 39.37744171808977 37
-81.40104651561558 39.34940725357143 37
-81.52222774934002 39.37162811945693 37
-81.74500484895029 39.19964895278957 37
-81.78575171581242 39.019220689442506 37
-81.81696428091672 38.92183645278847 37
-81.90587358267489 38.8821489527883 37
-81.91856014680255 38.9937958847549 37
-82.05402991405569 39.01816132258051 37
-82.19479651561875 38.80119782160308 37
-82.21066118033235 38.57948008885481 37
-82.34083411327558 38.44083222101571 37
-82.5890101793573 38.415433254544254 37
-82.77527787955336 38.51121552179724 37
-82.85519548209274 38.65143952082124 37
-83.04464128287475 38.63451548924564 37
-83.25894344758916 38.57948008885481 37
-83.43461747916538 38.63715098729253 37
-83.67274247916633 38.60911652277419 37
-83.82673824739611 38.69006765395942 37
-84.03894751660269 38.76099355728 37
-84.30459021679906 38.98692291926008 37
-84.48132361523727 39.08324778905212 37
-84.82367997917093 39.10652802179962 37
-90.249240281927 35.02083425550724 38
-90.13493201369738 35.11395518649719 38
-90.14710181350213 35.40499685316502 38
-89.98889441604055 35.536229152970236 38
-89.95026628290238 35.70187795668183 38
-89.77510901564906 35.79923635511972 38
-89.67351314976325 35.94000295668279 38
-89.66291948114342 36.02307282159197 38
-89.585120612328 36.26701142022576 38
-89.52427161330432 36.40935415297372 38
-89.49835588250994 36.5061957870887 38
-88.06960588250422 36.4972040878699 38
-88.07278398309018 36.654377956685636 38
-87.87434648308938 36.65649669040961 38
-87.84204871290697 36.61096975356047 38
-87.21658301466228 36.63900421807881 38
-86.67788204623565 36.63373322198504 38
-86.09262061231402 36.62577505141209 38
-85.51901221387423 36.59774058689375 38
-85.23114864779235 36.60991038669849 38
-84.35009131543205 36.567044786112376 38
-83.67328508170539 36.59985932061771 38
-83.38436214876154 36.65649669040961 38
-83.33059243922776 36.67266067363208 38
-83.38436126708984 36.65649604797363 38
-83.67328420892706 36.59985930073531 38
-82.18632158072288 36.565985419250396 38
-82.06990138690504 36.570483202477405 38
-81.67937577993962 36.58557078708901 38
-81.70477474641106 36.46015208591663 38
-81.6936643134683 36.317292588845746 38
-81.89739864777903 36.273910223936724 38
-82.0513944160088 36.10614268650116 38
-82.22389034699907 36.125728054339774 38
-82.59324764680525 35.937341620419886 38
-82.6742246162066 36.02519155531594 38
-82.92557878287428 35.889721788062786 38
-82.92028194856437 35.817219753557296 38
-83.11078711620837 35.737327989234075 38
-83.20972164583114 35.64896129001495 38
-83.43833818229038 35.56268748630367 38
-83.67328508170539 35.51666962334775 38
-83.87596004915412 35.490211290014315 38
-84.01776017936302 35.36900421807373 38
-84.08708411328257 35.26159475355507 38
-84.29875077995008 35.19862702080742 38
-84.32097164583558 34.98696035413991 38
-84.8543757799523 34.97690928805915 38
-85.62538814974705 34.98590098727793 38
-86.90967668328085 34.99913015394465 38
-88.16696428094212 34.999672756483704 38
-89.26392574741786 35.02135101983015 38
-90.249240281927 35.02083425550724 38
-83.33059243922776 36.67266067363208 39
-83.17850875854492 36.71838188171387 39
-83.09948313683732 36.80443780881003 39
-83.08908301464577 36.81576345473316 39
-83.0733530067755 36.82260930628833 39
-82.81550788879395 36.93482780456543 39
-82.70913176984146 37.040143442951724 39
-82.68479244661029 37.121093654929695 39
-82.68479213152052 37.12109377295471 39
-82.6847915649414 37.12109565734863 39
-82.37258911132812 37.23803901672363 39
-82.07538986207479 37.459358179410245 39
-81.9725361803314 37.53595205336886 39
-81.92809444856039 37.366091620425465 39
-81.83874171324607 37.29435542623226 39
-81.81538772583008 37.27560615539551 39
-81.66351127624512 37.195173263549805 39
-81.43343360042127 37.28319918373153 39
-81.3481298489487 37.31583629002162 39
-81.3481292729979 37.31583595255335 39
-81.34812927246094 37.31583595275879 39
-81.22800827026367 37.24545478820801 39
-80.91531813243837 37.31553155101449 39
-80.85492997915506 37.32906545668834 39
-80.84166996984384 37.38376497066467 39
-80.833251953125 37.41849327087402 39
-80.72000312805176 37.38304328918457 39
-80.60294111399195 37.452076624914405 39
-80.59618608266965 37.456060289045624 39
-80.5961859173229 37.45606027207203 39
-80.5961856842041 37.4560604095459 39
-80.45699501037598 37.44177436828613 39
-80.29824533321333 37.519029200305404 39
-80.28577911611927 37.57167259382654 39
-80.27656755677725 37.610574309812414 39
-80.29297461619709 37.7280591904139 39
-80.29297442533623 37.728059434204695 39
-80.2929744720459 37.72805976867676 39
-80.15750503540039 37.90109825134277 39
-79.96436348401359 38.031789518560714 39
-79.91514238149504 38.17942698826727 39
-79.81891914251666 38.27920277298852 39
-79.74367926400072 38.35722137799588 39
-79.64792355011377 38.57472585708395 39
-79.64792348203814 38.57472581747799 39
-79.64792251586914 38.57472801208496 39
-79.51508903503418 38.497446060180664 39
-79.36639022827148 38.42602729797363 39
-79.22298812866211 38.46463203430176 39
-79.17482566833496 38.5556583404541 39
-79.07640838623047 38.68001747131348 39
-79.00735469485451 38.76812744525416 39
-78.96527787953812 38.82181671808755 39
-78.96527744663842 38.821816468533605 39
-78.96527671813965 38.82181739807129 39
-78.89280128479004 38.780038833618164 39
-78.74461936950684 38.90915107727051 39
-78.6299356254404 38.985706719408256 39
-78.54884334991405 39.039839585926956 39
-78.51354985444293 39.068071449123266 39
-78.42448425292969 39.13931846618652 39
-78.36231391159738 39.34917137453467 39
-78.34562577992627 39.40550202082426 39
-78.34562560474399 39.40550192787474 39
-78.34562492370605 39.40550422668457 39
-77.881075040849 39.159017223477484 39
-77.83498511423412 39.13456248631796 39
-77.72279557972846 39.32243215591507 39
-77.69582987282635 39.31620052507624 39
-77.57621574401855 39.28856086730957 39
-77.44340705871582 39.213422775268555 39
-77.44340804127478 39.213421340218346 39
-77.44340694854247 39.213420721995476 39
-77.50088163990247 39.12947981343377 39
-77.5169677734375 39.10598564147949 39
-77.30581855773926 39.04567909240723 39
-77.11955070495605 38.93400764465332 39
-77.11954986485948 38.9340067776485 39
-77.03647994995117 38.848276138305664 39
-77.04123497009277 38.7895450592041 39
-77.04123501575428 38.7895448536498 39
-77.05921745300293 38.70859336853027 39
-77.09807033337478 38.687120586479026 39
-77.22962154815099 38.61441335708423 39
-77.34338699431744 38.39161084918188 39
-77.21057891845703 38.33711814880371 39
-77.0481071472168 38.380502700805664 39
-77.00225319734794 38.26961787393406 39
-76.98989486694336 38.23973274230957 39
-76.3016185760498 37.91794776916504 39
-76.25873947143555 36.96640205383301 39
-75.97179985046387 36.897260665893555 39
-75.86807632446289 36.55117988586426 39
-75.86807671493632 36.551179883937685 39
-75.8680767483408 36.55118012139883 39
-75.99324725779447 36.550562300522934 39
-76.94121551513672 36.54588508605957 39
-77.99954795837402 36.53743553161621 39
-79.99239730834961 36.54218864440918 39
-81.67937469482422 36.58557319641113 39
-82.06990138690504 36.570483202477405 39
-82.18632158072288 36.565985419250396 39
-83.67328420892706 36.59985930073531 39
-83.38436126708984 36.65649604797363 39
-83.33059243922776 36.67266067363208 39
-75.37754063414677 38.01537999412076 51
-75.94003486633301 37.216875076293945 51
-76.03106307983398 37.25656318664551 51
-75.72205038686438 37.93705028942895 51
-75.72204971313477 37.93705177307129 51
-75.60984992980957 38.00003242492676 51
-75.37753868103027 38.01538276672363 51
-75.37754063414677 38.01537999412076 51
-91.22819861526426 43.5012468531974 40
-91.2546569485977 43.61397899024206 40
-91.25729244664458 43.854739488289965 40
-91.28959021682704 43.93729258887629 40
-91.62770911331273 44.085448920257036 40
-91.87960588251947 44.25742808692439 40
-91.949989183301 44.364837551443046 40
-92.06215287959051 44.43258535417769 40
-92.38549231644078 44.57492808692567 40
-92.50507158076417 44.58391978614445 40
-92.79665584997105 44.77602692318949 40
-92.76647681351261 44.9961426865367 40
-92.76541744665064 45.26708222104298 40
-92.68922054723626 45.51843638771068 40
-92.89982784704182 45.705763454768714 40
-92.75696834997089 45.88991242124082 40
-92.54369971390233 45.98569468849381 40
-92.2965830146826 46.09628225359842 40
-92.26482784703924 46.09522288673644 40
-92.27487891312 46.65614472104858 40
-92.01189754918667 46.71172272397848 40
-91.96479448115262 46.72970612241605 40
-91.8409777493813 46.778385321635 40
-91.71661841507091 46.82760712339301 40
-91.59225908076053 46.876260484395914 40
-91.46844234898919 46.9249655218309 40
-91.26470801467849 47.02126455340681 40
-91.06097368036777 47.117046820659795 40
-90.85778194859611 47.21282908791278 40
-90.6540476142854 47.309128119488676 40
-90.47994971389409 47.30385712339489 40
-90.30585181350276 47.29801768654593 40
-90.13175391311144 47.29274669045216 40
-89.95765601272012 47.286907253603175 40
-90.01481014683492 47.19959992124606 40
-90.07144751662682 47.11174998634988 40
-90.12805904820257 47.023900051453694 40
-90.18521318231738 46.93607595477364 40
-90.24182471389315 46.84822601987753 40
-90.29897884800795 46.760918687520345 40
-90.3555903795837 46.67306875262415 40
-90.39527787958384 46.611677151061414 40
-90.41062577997457 46.58418528908214 40
-90.3968798489849 46.576252956725284 40
-90.33497148309922 46.59687185320979 40
-90.33391211623724 46.593693752623835 40
-90.17673824742151 46.5608792181185 40
-90.09630388055922 46.38099355731049 40
-89.22106014683175 46.202115586932166 40
-88.64427364780602 46.02220408790805 40
-88.36170691603405 46.02062795672322 40
-88.16696428094212 46.00791555437945 40
-88.11192888055128 45.843351955745845 40
-87.87540584995136 45.77984162045912 40
-87.78701331251612 45.639617621435136 40
-87.84788814975595 45.55918325457283 40
-87.89338924838894 45.39671255144718 40
-87.67324764682556 45.387746690444544 40
-87.74732581251595 45.22687795671993 40
-87.61397477898677 45.108874823581445 40
-87.6129154121248 45.11045095476635 40
-87.45946224643407 45.068127956719295 40
-87.41977474643392 45.18401235613382 40
-87.24461747918065 45.28984568946771 40
-87.11550391309937 45.452290554377086 40
-86.94246537957002 45.452290554377086 40
-86.77420691602771 45.45229055437716 40
-86.4815632799588 45.32317698829584 40
-86.26459977898139 45.22687795671993 40
-86.40167151563557 45.13321442319092 40
-86.53608191602675 45.04166962338586 40
-86.71493404818892 44.84641022397102 40
-86.82234351270758 44.59133535417833 40
-86.91866838249962 44.36168528907325 40
-87.03243404819018 44.09128835710602 40
-87.08323198113311 43.89018952084234 40
-87.14196224643281 43.65787811947408 40
-87.14514034701875 43.571087551439874 40
-87.15519141309953 43.326632188483174 40
-87.11392778191447 43.030293687505434 40
-87.07953711622423 42.782117621423694 40
-87.039307013685 42.492652085940904 40
-87.48964128289253 42.49531342220381 40
-87.80659868035474 42.4968895533887 40
-87.80659868035474 42.49425405534181 40
-88.5765516832875 42.50324575456061 40
-89.62005388055731 42.50536448828457 40
-90.64081844761868 42.50536448828457 40
-90.73817684605658 42.65827505143622 40
-91.06469438349276 42.75408315690535 40
-91.12923824742532 42.91283315690599 40
-91.16998511428747 43.00223338477093 40
-91.17316321487343 43.21232392025354 40
-91.08373714879232 43.288004055345 40
-91.21391008173555 43.44675405534562 40
-91.22819861526426 43.5012468531974 40
-81.9725361803314 37.53595205336886 41
-82.16727881542333 37.554478054345495 41
-82.26729855012425 37.67565928806994 41
-82.41333614778108 37.80531545669025 41
-82.46149858267711 37.95716665297992 41
-82.58056108267758 38.11328115493366 41
-82.56996741405774 38.320193589830325 41
-82.5890101793573 38.415433254544254 41
-82.34083411327558 38.44083222101571 41
-82.21066118033235 38.57948008885481 41
-82.19479651561875 38.80119782160308 41
-82.05402991405569 39.01816132258051 41
-81.91856014680255 38.9937958847549 41
-81.90587358267489 38.8821489527883 41
-81.81696428091672 38.92183645278847 41
-81.78575171581242 39.019220689442506 41
-81.74500484895029 39.19964895278957 41
-81.52222774934002 39.37162811945693 41
-81.40104651561558 39.34940725357143 41
-81.26609351268534 39.37744171808977 41
-81.15075171580989 39.426146755524854 41
-80.87875281444161 39.65422068944504 41
-80.86182878286601 39.75739268651576 41
-80.76498714875106 39.973296820631205 41
-80.66178931346417 40.23364268651767 41
-80.6152288479692 40.463835354161816 41
-80.65755184601625 40.5908301865191 41
-80.5189298163933 40.64111135513909 41
-80.5189298163933 39.72088328710156 41
-79.47752051463135 39.720883287101685 41
-79.4859954495272 39.213420721995476 41
-79.33251644562031 39.30284678807645 41
-79.16107988149203 39.41821442316805 41
-78.96315914581419 39.457901923168265 41
-78.82929134796206 39.562650051423844 41
-78.5340122138463 39.522445787100764 41
-78.42500077992659 39.59652395279116 41
-78.2324027167748 39.67220408788273 41
-77.92335181345322 39.59282908788229 41
-77.80165381540587 39.44994375259526 41
-77.72279557972846 39.32243215591507 41
-77.83498511423412 39.13456248631796 41
-77.881075040849 39.159017223477484 41
-78.34562492370605 39.40550422668457 41
-78.34562560474399 39.40550192787474 41
-78.34562577992627 39.40550202082426 41
-78.36231391159738 39.34917137453467 41
-78.42448425292969 39.13931846618652 41
-78.51354985444293 39.068071449123266 41
-78.54884334991405 39.039839585926956 41
-78.6299356254404 38.985706719408256 41
-78.74461936950684 38.90915107727051 41
-78.89280128479004 38.780038833618164 41
-78.96527671813965 38.82181739807129 41
-78.96527744663842 38.821816468533605 41
-78.96527787953812 38.82181671808755 41
-79.00735469485451 38.76812744525416 41
-79.07640838623047 38.68001747131348 41
-79.17482566833496 38.5556583404541 41
-79.22298812866211 38.46463203430176 41
-79.36639022827148 38.42602729797363 41
-79.51508903503418 38.497446060180664 41
-79.64792251586914 38.57472801208496 41
-79.64792348203814 38.57472581747799 41
-79.64792355011377 38.57472585708395 41
-79.74367926400072 38.35722137799588 41
-79.81891914251666 38.27920277298852 41
-79.91514238149504 38.17942698826727 41
-79.96436348401359 38.031789518560714 41
-80.15750503540039 37.90109825134277 41
-80.2929744720459 37.72805976867676 41
-80.29297442533623 37.728059434204695 41
-80.29297461619709 37.7280591904139 41
-80.27656755677725 37.610574309812414 41
-80.28577911611927 37.57167259382654 41
-80.29824533321333 37.519029200305404 41
-80.45699501037598 37.44177436828613 41
-80.5961856842041 37.4560604095459 41
-80.5961859173229 37.45606027207203 41
-80.59618608266965 37.456060289045624 41
-80.60294111399195 37.452076624914405 41
-80.72000312805176 37.38304328918457 41
-80.833251953125 37.41849327087402 41
-80.84166996984384 37.38376497066467 41
-80.85492997915506 37.32906545668834 41
-80.91531813243837 37.31553155101449 41
-81.22800827026367 37.24545478820801 41
-81.34812927246094 37.31583595275879 41
-81.3481292729979 37.31583595255335 41
-81.3481298489487 37.31583629002162 41
-81.43343360042127 37.28319918373153 41
-81.66351127624512 37.195173263549805 41
-81.81538772583008 37.27560615539551 41
-81.83874171324607 37.29435542623226 41
-81.92809444856039 37.366091620425465 41
-81.9725361803314 37.53595205336886 41
-75.04838517932711 38.44876455337254 42
-75.71462358265006 38.44930715591158 42
-75.78764238147852 39.72354462336466 42
-75.71090287952501 39.80237702082593 42
-75.62096004912104 39.847361355135945 42
-75.40557267932849 39.795504055331094 42
-75.55427161324837 39.69124685318229 42
-75.527813279915 39.49864879003036 42
-75.3198673163725 38.95994782160369 42
-75.07183476478986 38.78203223017931 42
-75.04838517932711 38.44876455337254 42
-77.04123501575428 38.7895448536498 43
-77.04123497009277 38.7895450592041 43
-77.03647994995117 38.848276138305664 43
-77.11954986485948 38.9340067776485 43
-77.03859961618406 38.98216868748922 43
-76.91157894561064 38.87845408787943 43
-77.04123501575428 38.7895448536498 43
-75.37754063414677 38.01537999412076 44
-75.37753868103027 38.01538276672363 44
-75.60984992980957 38.00003242492676 44
-75.72204971313477 37.93705177307129 44
-75.72205038686438 37.93705028942895 44
-76.23286999999999 38.31921500000004 44
-76.35000000000002 39.14999999999998 44
-76.54272500000002 38.71761500000014 44
-76.32932999999997 38.08326000000005 44
-76.98989457874893 38.2397333847519 44
-77.00225319734794 38.26961787393406 44
-77.0481071472168 38.380502700805664 44
-77.21057891845703 38.33711814880371 44
-77.34338699431744 38.39161084918188 44
-77.22962154815099 38.61441335708423 44
-77.09807033337478 38.687120586479026 44
-77.05921745300293 38.70859336853027 44
-77.04123501575428 38.7895448536498 44
-76.91157894561064 38.87845408787943 44
-77.03859961618406 38.98216868748922 44
-77.11954986485948 38.9340067776485 44
-77.11955070495605 38.93400764465332 44
-77.30581855773926 39.04567909240723 44
-77.5169677734375 39.10598564147949 44
-77.50088163990247 39.12947981343377 44
-77.44340694854247 39.213420721995476 44
-77.44340804127478 39.213421340218346 44
-77.44340705871582 39.213422775268555 44
-77.57621574401855 39.28856086730957 44
-77.69582987282635 39.31620052507624 44
-77.72279557972846 39.32243215591507 44
-77.80165381540587 39.44994375259526 44
-77.92335181345322 39.59282908788229 44
-78.2324027167748 39.67220408788273 44
-78.42500077992659 39.59652395279116 44
-78.5340122138463 39.522445787100764 44
-78.82929134796206 39.562650051423844 44
-78.96315914581419 39.457901923168265 44
-79.16107988149203 39.41821442316805 44
-79.33251644562031 39.30284678807645 44
-79.4859954495272 39.213420721995476 44
-79.47752051463135 39.720883287101685 44
-78.54990271677599 39.71982392023972 44
-78.23291948109767 39.72140005142455 44
-77.5232987128656 39.72566335708859 44
-76.66818294951588 39.720883287101685 44
-75.78764238147852 39.72354462336466 44
-75.71462358265006 38.44930715591158 44
-75.04838517932711 38.44876455337254 44
-75.05673000000002 38.40412000000015 44
-75.37753821481016 38.01538015395681 44
-75.37754063414677 38.01537999412076 44
-75.527813279915 39.49864879003036 45
-75.55427161324837 39.69124685318229 45
-75.40557267932849 39.795504055331094 45
-75.200804816372 39.88704885513607 45
-75.12881954618945 39.949499823560814 45
-74.89175391305048 40.08179149022811 45
-74.76318294950823 40.19077708593164 45
-75.07802161324645 40.44954682063326 45
-75.09548824736112 40.555380153966894 45
-75.20395707874178 40.58661855728735 45
-75.19920284697093 40.74746145279573 45
-75.08225908069448 40.8697020533823 45
-75.1357183499004 40.999874986325494 45
-74.97590898303775 41.087724921221536 45
-74.80126848010735 41.31156138769393 45
-74.67902787952096 41.35548635514192 45
-73.91279557971325 40.96018748632537 45
-73.95232499999992 40.75075000000004 45
-74.25675391304787 40.473369655919726 45
-73.96244000000002 40.42763000000002 45
-74.17843827990953 39.70925608983589 45
-74.90604244657914 38.939303086903124 45
-74.9806632148086 39.19649669041985 45
-75.2002622138329 39.2483539902247 45
-75.527813279915 39.49864879003036 45
-73.49793718127407 42.054513454754115 46
-73.55348934598777 41.28985728613134 46
-73.47517371284943 41.2046686874981 46
-73.69267981636597 41.107310289060365 46
-73.65668718127472 40.9850696884738 46
-73.64788653178721 40.95476927691993 46
-73.64826921714257 40.954623463363454 46
-73.71000000000004 40.93110235165449 46
-72.24116634793569 41.11948008886509 46
-71.94482784695793 40.93003428808305 46
-73.34500077990629 40.63000092219647 46
-73.98211951363277 40.62788218847237 46
-73.95232499999992 40.75075000000004 46
-73.91279557971325 40.96018748632537 46
-74.67902787952096 41.35548635514192 46
-74.84043921578461 41.42638642024633 46
-75.01081641305097 41.49571035416608 46
-75.07538611519954 41.6412311874999 46
-75.04892778186621 41.751301988281625 46
-75.1679902818666 41.84178742122464 46
-75.38547054716696 41.99896129004043 46
-76.74383724639114 42.00053742122532 46
-78.20064754913136 42.00002065690239 46
-79.76008724640326 42.00002065690239 46
-79.76008724640326 42.50006765397467 46
-79.77303961320486 42.54612229847678 46
-79.77325657258632 42.54689373950663 46
-78.93936214874367 42.86361135514812 46
-78.91977678090512 42.96520722103389 46
-79.00999999999988 43.26999999999998 46
-79.17167355011185 43.46633942318431 46
-79.00232988149139 43.527188422207985 46
-78.84569861521464 43.58328318946087 46
-78.72027991404235 43.62508942318499 46
-76.82003414580555 43.628784288093755 46
-76.69676001657331 43.78489879004758 46
-76.58614661325254 43.9240634222096 46
-76.49999999999994 44.018458893758634 46
-76.37499999999989 44.09631000000002 46
-75.31826534697143 44.816231187512585 46
-74.86689754911805 45.00038015398479 46
-73.34766211616932 45.00725311947946 46
-73.36828101265375 44.804603990246875 46
-73.40796851265391 44.67600718848857 46
-73.3841715155835 44.379151923187905 46
-73.32913611519265 44.22673228614301 46
-73.4296726142165 44.01984568946249 46
-73.33812781441145 43.758440456714084 46
-73.40163814969816 43.61343638770307 46
-73.38311214872152 43.57535085710395 46
-73.23971004911158 43.56793528907005 46
-73.28203304715862 42.74348948828549 46
-73.49793718127407 42.054513454754115 46
-80.5189298163933 40.64111135513909 47
-80.5162684801303 42.32439362239842 47
-80.5162684801303 42.324910386721456 47
-80.24744767934794 42.36619985612248 47
-79.77303961320486 42.54612229847678 47
-79.76008724640326 42.50006765397467 47
-79.76008724640326 42.00002065690239 47
-78.20064754913136 42.00002065690239 47
-76.74383724639114 42.00053742122532 47
-75.38547054716696 41.99896129004043 47
-75.1679902818666 41.84178742122464 47
-75.04892778186621 41.751301988281625 47
-75.07538611519954 41.6412311874999 47
-75.01081641305097 41.49571035416608 47
-74.84043921578461 41.42638642024633 47
-74.67902787952096 41.35548635514192 47
-74.80126848010735 41.31156138769393 47
-74.97590898303775 41.087724921221536 47
-75.1357183499004 40.999874986325494 47
-75.08225908069448 40.8697020533823 47
-75.19920284697093 40.74746145279573 47
-75.20395707874178 40.58661855728735 47
-75.09548824736112 40.555380153966894 47
-75.07802161324645 40.44954682063326 47
-74.76318294950823 40.19077708593164 47
-74.89175391305048 40.08179149022811 47
-75.12881954618945 39.949499823560814 47
-75.200804816372 39.88704885513607 47
-75.40557267932849 39.795504055331094 47
-75.62096004912104 39.847361355135945 47
-75.71090287952501 39.80237702082593 47
-75.78764238147852 39.72354462336466 47
-76.66818294951588 39.720883287101685 47
-77.5232987128656 39.72566335708859 47
-78.23291948109767 39.72140005142455 47
-78.54990271677599 39.71982392023972 47
-79.47752051463135 39.720883287101685 47
-80.5189298163933 39.72088328710156 47
-80.5189298163933 40.64111135513909 47
-70.64573401557249 43.090083319667144 48
-70.75102474636725 43.08003225358635 48
-70.79761105007827 43.21973948828747 48
-70.98176001655037 43.36789581966826 48
-70.94416541205806 43.46633942318431 48
-71.08481999999998 45.30523999999997 48
-70.6600225491012 45.46022288673396 48
-70.30495378282376 45.914794623389355 48
-70.00014034695016 46.69317088478567 48
-69.23708614772835 47.44777598732787 48
-68.90478084987546 47.184794623394396 48
-68.23430497910454 47.35462921812177 48
-67.79035274928509 47.066248887716995 48
-67.79141211614706 45.702585354182816 48
-67.13734351262877 45.137451890638886 48
-66.96465999999998 44.809699999999964 48
-68.03251999999992 44.32520000000005 48
-69.05999999999995 43.980000000000075 48
-70.11617000000001 43.68405000000001 48
-70.64573401557249 43.090083319667144 48
-89.95765601272012 47.286907253603175 49
-89.84283098016755 47.464725857119504 49
-89.72800594761503 47.641976019880644 49
-89.61369767938538 47.81925202085796 49
-89.52269548211933 47.96053538674391 49
-89.4900319346622 48.01340602289096 49
-89.48888455722101 48.01526321783575 49
-89.27291744663665 48.0198082545827 49
-89.18561011427948 48.04732595477816 49
-88.3781141832867 48.30291758889382 49
-87.49439551466338 47.96159475360588 49
-87.20810807976642 47.84837169045443 49
-86.92184648308546 47.73512278908686 49
-86.67206844760278 47.63616242124789 49
-86.49533504916462 47.56683848732831 49
-86.42864661329185 47.539837551455776 49
-86.23444658073907 47.45994578713254 49
-86.04024654818625 47.380054022809304 49
-85.84656327995629 47.30013642026995 49
-85.6523632474034 47.22021881773054 49
-85.45816321485046 47.13981028908444 49
-85.26396318229769 47.05989268654503 49
-85.07027991406778 46.98000092222179 49
-84.87607988151484 46.90008331968238 49
-84.8268580797569 46.766732286153285 49
-84.77923824739992 46.63710195574913 49
-84.54374874544584 46.53868419044926 49
-84.54323198112297 46.53868419044926 49
-84.60490000000004 46.439599999999984 49
-84.33669999999995 46.40877000000012 49
-84.14211951367338 46.512225857115766 49
-84.12837358268371 46.48364879005834 49
-84.11514441601707 46.37091665301364 49
-84.09185126416145 46.27541860613826 49
-83.89076534700575 46.116926988299156 49
-83.76322791210941 46.10896881772612 49
-83.66904761425741 46.122740586931855 49
-83.61613094759059 46.116926988299156 49
-83.46955074739469 45.99468638771259 49
-83.59285071484305 45.81689362241241 49
-83.39704871288916 45.72904368751631 49
-83.17905168326581 45.6327188177242 49
-82.91922258170234 45.51791962338791 49
-82.76047258170172 45.44751048439019 49
-82.55092464875815 45.34751658790532 49
-82.51547461620595 45.20411448829543 49
-82.48529557974746 45.08399262143297 49
-82.44666744660935 44.91570831967442 49
-82.40752254914821 44.74372915300711 49
-82.36835181347101 44.57280935320176 49
-82.32654557974689 44.39129588477658 49
-82.28104448111384 44.19234162045291 49
-82.24084021679079 44.015608222014635 49
-82.19637264680358 43.822441718107655 49
-82.13764238150395 43.5710875514398 49
-82.19055904817077 43.47427175554117 49
-82.41703101268996 43.01760712337784 49
-82.42974341503373 42.98003835710159 49
-82.90017981640278 42.43022695573222 49
-83.11977881542708 42.07991242122563 49
-83.12877051464591 42.06880198828293 49
-83.14199968131265 41.97568105729283 49
-83.46267778189986 41.694147854166715 49
-83.83996741406284 41.68515615494796 49
-84.29505591504122 41.68515615494796 49
-84.80675594759535 41.67774058691407 49
-84.80729855013442 41.7560562200524 49
-85.7481455146564 41.751301988281554 49
-86.82446224643155 41.7560562200524 49
-86.82446224643155 41.76083629003941 49
-86.91812577996058 41.76083629003949 49
-87.22133724643314 41.76083629003941 49
-87.17583614780017 41.9439000514335 49
-87.13033504916714 42.12701548925962 49
-87.084808112318 42.30956248633066 49
-87.039307013685 42.492652085940904 49
-87.07953711622423 42.782117621423694 49
-87.11392778191447 43.030293687505434 49
-87.15519141309953 43.326632188483174 49
-87.14514034701875 43.571087551439874 49
-87.14196224643281 43.65787811947408 49
-87.08323198113311 43.89018952084234 49
-87.03243404819018 44.09128835710602 49
-86.91866838249962 44.36168528907325 49
-86.82234351270758 44.59133535417833 49
-86.71493404818892 44.84641022397102 49
-86.53608191602675 45.04166962338586 49
-86.40167151563557 45.13321442319092 49
-86.26459977898139 45.22687795671993 49
-86.4815632799588 45.32317698829584 49
-86.77420691602771 45.45229055437716 49
-86.94246537957002 45.452290554377086 49
-87.11550391309937 45.452290554377086 49
-87.24461747918065 45.28984568946771 49
-87.41977474643392 45.18401235613382 49
-87.45946224643407 45.068127956719295 49
-87.6129154121248 45.11045095476635 49
-87.61397477898677 45.108874823581445 49
-87.74732581251595 45.22687795671993 49
-87.67324764682556 45.387746690444544 49
-87.89338924838894 45.39671255144718 49
-87.84788814975595 45.55918325457283 49
-87.78701331251612 45.639617621435136 49
-87.87540584995136 45.77984162045912 49
-88.11192888055128 45.843351955745845 49
-88.16696428094212 46.00791555437945 49
-88.36170691603405 46.02062795672322 49
-88.64427364780602 46.02220408790805 49
-89.22106014683175 46.202115586932166 49
-90.09630388055922 46.38099355731049 49
-90.17673824742151 46.5608792181185 49
-90.33391211623724 46.593693752623835 49
-90.33497148309922 46.59687185320979 49
-90.3968798489849 46.576252956725284 49
-90.41062577997457 46.58418528908214 49
-90.39527787958384 46.611677151061414 49
-90.3555903795837 46.67306875262415 49
-90.29897884800795 46.760918687520345 49
-90.24182471389315 46.84822601987753 49
-90.18521318231738 46.93607595477364 49
-90.12805904820257 47.023900051453694 49
-90.07144751662682 47.11174998634988 49
-90.01481014683492 47.19959992124606 49
-89.95765601272012 47.286907253603175 49
