1010.13 201
977.22 402
958.65 503
938.4 804
920.68 1005
901.27 1106
881.86 1407
862.45 1608
845.57 1709
825.32 1910
807.59 2010
790.72 2312
772.15 2412
753.59 2714
740.93 2814
718.99 3015
702.11 3417
685.23 3618
666.67 3819
648.95 4020
631.22 4322
614.35 4724
594.09 5025
577.22 5226
557.81 5729
540.08 6030
519.83 6533
494.51 6935
475.95 7236
455.7 7839
440.51 7940
424.47 8442
407.59 8744
394.94 9045
377.22 9447
362.03 9950
345.99 10452
330.8 10754
313.08 11357
295.36 11859
275.95 12462
259.92 12864
240.51 13568
221.1 13970
206.75 14472
190.72 14874
171.31 15678
153.59 16683
137.55 17588
122.36 18291
103.8 19397
91.98 20101
77.64 21307
67.51 22312
56.54 23518
43.04 24824
33.76 26332
24.47 28141
17.72 29849
13.5 31859
10.13 34573
5.91 37085
5.06 39397
5.06 40905
4.22 44121
4.22 45930
2.53 49246
