290.352 46.6
291.859 512.4
293.97 1164.6
296.08 1770.2
298.492 2375.8
300.905 3260.9
303.92 3913
305.729 4518.6
308.141 5077.6
310.854 5823
314.472 6568.3
316.884 7220.5
319.598 7919.3
322.613 8571.4
325.628 9223.6
328.945 9922.4
331.96 10388.2
334.673 10993.8
340.402 11506.2
346.734 11878.9
353.367 12344.7
360 12764
366.935 13183.2
373.266 13555.9
379.296 13928.6
385.93 14301.2
392.261 14673.9
398.894 15093.2
406.131 15419.3
412.161 15791.9
419.698 16118
427.538 16537.3
433.266 16909.9
440.804 17282.6
448.342 17608.7
457.688 18028
466.734 18447.2
476.382 18959.6
484.523 19332.3
493.266 19751.6
502.01 20124.2
511.055 20496.9
519.497 20916.1
528.543 21288.8
537.588 21661.5
545.729 21987.6
553.266 22313.7
560.201 22546.6
567.739 22872.7
575.578 23152.2
582.513 23431.7
589.146 23664.6
596.683 23944.1
603.92 24223.6
610.854 24503.1
617.186 24689.4
623.518 24968.9
