288.818 97
287.635 97
286.453 388
284.797 485
283.142 777
281.191 1068
279.417 1359
277.23 1748
275.042 2039
272.855 2330
270.904 2621
268.953 3010
266.824 3204
264.992 3495
262.745 3981
260.971 3981
259.02 4466
256.833 4563
255.414 4951
253.581 5340
251.807 5631
250.152 5922
248.26 6117
246.486 6408
244.595 6602
242.939 7087
240.929 7282
239.155 7573
237.5 7864
235.785 8155
233.953 8350
232.238 8641
230.287 9029
228.218 9223
226.385 9515
225.084 9709
223.547 1e+04
221.774 10291
219.941 10583
218.226 10777
216.571 11262
216.571 12816
216.512 14369
216.512 15825
216.512 17476
216.512 18835
216.63 20000
217.576 20971
218.522 21942
219.527 22913
220.414 23981
221.242 24757
222.247 25534
223.193 26408
224.02 27476
224.789 27864
225.617 29029
226.326 29709
227.39 30583
228.218 31748
228.986 32330
230.228 32718
231.765 33301
233.421 33981
235.253 34563
236.909 35243
238.564 35922
240.338 36505
242.466 37379
244.122 37864
245.836 38350
247.61 39029
249.561 39709
251.275 40388
253.167 41165
254.941 41748
257.069 42427
258.902 43010
260.557 43786
262.272 44272
264.046 45049
265.938 45534
267.77 46408
269.13 46893
270.549 47476
270.667 48350
270.608 49320
270.608 50291
